9
14
15
24
28
35
59
72
74
77
83
100
105
107
110
114
123
132
139
147
155
168
170
181
197
199
203
218
219
220
225
232
240
250
252
267
270
272
275
277
299
304
318
330
351
354
359
366
368
379
384
394
395
397
404
412
438
440
441
445
446
447
451
456
467
470
471
473
493
495
501
514
518
543
553
556
574
581
584
586
599
607
615
620
628
639
645
648
649
650
653
667
681
683
693
696
708
710
711
712
715
719
722
730
740
744
758
763
765
768
774
789
813
816
822
867
875
878
882
890
903
906
910
920
927
930
933
940
950
956
962
968
970
977
995
1000
1005
1006
1013
1029
1033
1046
1053
1078
1082
1083
1102
1109
1110
1121
1125
1126
1147
1154
1156
1161
1182
1192
1196
1201
1204
1208
1210
1218
1228
1231
1257
1258
1259
1272
1282
1287
1297
1302
1303
1311
1312
1313
1328
1341
1347
1351
1359
1360
1368
1369
1372
1374
1375
1382
1385
1410
1413
1414
1416
1420
1422
1428
1435
1452
1454
1456
1469
1473
1488
1493
1499
1503
1506
1510
1518
1521
1523
1529
1531
1550
1560
1565
1570
1571
1579
1584
1591
1594
1597
1600
1621
1631
1637
1640
1641
1645
1663
1666
1668
1676
1680
1701
1718
1721
1743
1770
1773
1780
1787
1791
1800
1805
1813
1815
1816
1820
1834
1835
1839
1849
1912
1916
1920
1921
1922
1947
1963
1966
1973
1974
1976
1977
1981
1997
2007
2009
2010
2015
2028
2034
2037
2042
2050
2063
2068
2071
2073
2086
2090
2091
2092
2095
2101
2108
2109
2112
2135
2136
2137
2145
2148
2163
2170
2175
2178
2182
2184
2193
2201
2204
2212
2221
2235
2236
2250
2254
2255
2256
2257
2269
2283
2286
2290
2295
2298
2308
2311
2337
2338
2347
2348
2357
2358
2374
2381
2385
2386
2390
2395
2402
2404
2415
2416
2420
2444
2445
2463
2466
2473
2482
2485
2508
2516
2521
2528
2531
2548
2556
2557
2569
2571
2576
2580
2586
2588
2593
2599
2606
2614
2631
2638
2646
2651
2659
2661
2669
2672
2674
2695
2705
2714
2721
2725
2733
2736
2737
2748
2750
2755
2768
2779
2782
2783
2784
2786
2788
2789
2801
2810
2820
2824
2829
2834
2838
2840
2841
2844
2846
2847
2851
2871
2877
2885
2892
2897
2898
2902
2928
2932
2935
2943
2946
2948
2949
2957
2967
2973
2976
3006
3009
3013
3015
3026
3028
3033
3044
3063
3064
3070
3095
3098
3100
3101
3103
3125
3129
3144
3149
3152
3159
3161
3174
3186
3189
3190
3193
3198
3207
3208
3226
3231
3233
3262
3265
3268
3269
3278
3284
3291
3294
3298
3299
3300
3303
3304
3306
3307
3318
3328
3331
3336
3337
3343
3345
3346
3355
3357
3358
3374
3384
3386
3387
3401
3405
3407
3423
3424
3426
3428
3433
3441
3447
3450
3460
3464
3465
3476
3482
3484
3485
3488
3502
3510
3516
3518
3536
3541
3552
3565
3567
3572
3584
3588
3590
3591
3595
3602
3603
3605
3609
3613
3618
3622
3623
3631
3633
3638
3669
3673
3689
3703
3710
3713
3715
3719
3733
3735
3743
3746
3749
3752
3753
3755
3756
3765
3768
3770
3784
3798
3805
3822
3833
3845
3851
3863
3874
3881
3882
3886
3895
3901
3927
3937
3950
3956
3962
3965
3973
3992
4002
4010
4031
4032
4047
4055
4057
4062
4063
4066
4068
4073
4078
4080
4087
4094
4100
4108
4110
4116
4119
4131
4138
4148
4151
4164
4175
4181
4194
4196
4205
4206
4207
4214
4217
4219
4220
4223
4229
4230
4237
4263
4277
4279
4283
4286
4299
4305
4308
4310
4312
4316
4321
4338
4349
4358
4359
4374
4377
4378
4379
4381
4392
4405
4408
4411
4418
4423
4425
4431
4436
4444
4446
4455
4460
4467
4481
4486
4488
4499
4500
4502
4508
4510
4515
4518
4522
4525
4528
4534
4537
4538
4554
4555
4574
4576
4577
4588
4592
4603
4605
4606
4608
4615
4618
4621
4622
4632
4636
4642
4645
4648
4652
4660
4671
4677
4685
4688
4690
4692
4695
4696
4700
4703
4711
4716
4720
4722
4724
4745
4752
4755
4756
4760
4764
4777
4782
4788
4808
4810
4824
4830
4836
4837
4850
4862
4890
4906
4910
4919
4929
4930
4938
4946
4949
4953
4954
4982
4986
4987
4990
4995
4996
4998
5016
5018
5037
5039
5042
5049
5050
5061
5064
5076
5091
5092
5096
5098
5106
5108
5109
5118
5119
5130
5146
5147
5150
5151
5160
5166
5168
5174
5183
5184
5187
5191
5205
5207
5220
5221
5226
5249
5257
5258
5267
5279
5283
5286
5288
5296
5305
5306
5308
5319
5329
5332
5344
5346
5349
5352
5353
5381
5390
5394
5399
5407
5408
5428
5430
5433
5464
5479
5486
5498
5503
5504
5526
5535
5539
5542
5544
5545
5546
5552
5561
5562
5563
5565
5571
5577
5588
5602
5607
5610
5614
5615
5618
5625
5638
5642
5643
5651
5655
5656
5663
5670
5672
5674
5675
5683
5688
5689
5697
5710
5721
5725
5732
5744
5747
5758
5766
5774
5789
5790
5804
5813
5814
5821
5828
5839
5846
5858
5862
5877
5892
5894
5901
5908
5919
5926
5934
5950
5951
5959
5961
5981
5983
5984
5991
5995
6008
6039
6043
6060
6068
6074
6078
6083
6086
6091
6098
6100
6107
6113
6116
6118
6120
6125
6135
6139
6143
6150
6151
6160
6177
6183
6188
6196
6199
6213
6216
6230
6233
6234
6250
6251
6256
6261
6264
6269
6281
6282
6287
6288
6289
6301
6317
6321
6330
6336
6340
6345
6346
6362
6368
6369
6374
6386
6415
6419
6424
6426
6430
6431
6451
6458
6461
6464
6470
6472
6488
6492
6496
6500
6508
6509
6517
6521
6527
6536
6537
6538
6541
6542
6549
6552
6555
6558
6559
6579
6588
6594
6600
6604
6613
6615
6624
6626
6634
6643
6647
6655
6656
6673
6680
6685
6687
6715
6721
6730
6732
6734
6739
6744
6750
6759
6767
6774
6778
6779
6794
6796
6809
6822
6829
6831
6837
6847
6850
6855
6858
6864
6867
6869
6882
6886
6888
6894
6903
6905
6906
6916
6918
6920
6923
6924
6939
6940
6945
6957
6963
6977
6980
6981
7001
7002
7008
7012
7014
7015
7019
7033
7035
7055
7058
7068
7070
7081
7082
7090
7092
7106
7125
7141
7148
7153
7158
7159
7163
7166
7169
7185
7186
7191
7193
7198
7199
7200
7206
7208
7216
7219
7228
7229
7253
7260
7263
7275
7293
7299
7302
7313
7315
7316
7317
7322
7323
7325
7326
7335
7347
7360
7372
7385
7393
7406
7407
7412
7425
7439
7450
7457
7461
7463
7467
7487
7489
7496
7505
7507
7509
7519
7525
7528
7536
7554
7566
7571
7582
7583
7586
7587
7592
7607
7611
7615
7625
7630
7631
7641
7648
7651
7652
7658
7662
7674
7676
7678
7679
7681
7682
7686
7694
7696
7706
7707
7713
7716
7735
7762
7780
7788
7789
7790
7793
7795
7828
7832
7838
7840
7842
7849
7859
7870
7872
7891
7899
7900
7906
7908
7912
7914
7924
7932
7941
7955
7974
7975
7982
7984
7991
7993
7996
7997
8004
8009
8011
8022
8027
8033
8038
8046
8067
8082
8087
8100
8104
8116
8122
8123
8126
8128
8129
8131
8133
8134
8141
8142
8143
8146
8148
8150
8152
8159
8165
8171
8176
8181
8184
8186
8192
8207
8219
8221
8230
8240
8248
8251
8253
8257
8259
8295
8313
8315
8320
8326
8327
8328
8338
8343
8353
8365
8366
8396
8400
8402
8403
8425
8427
8436
8438
8439
8440
8444
8448
8457
8463
8507
8509
8514
8522
8540
8542
8545
8547
8565
8568
8570
8571
8572
8576
8577
8579
8580
8581
8606
8620
8629
8634
8637
8641
8653
8662
8665
8666
8669
8670
8671
8675
8681
8685
8688
8694
8695
8702
8708
8710
8723
8731
8735
8746
8748
8754
8756
8760
8762
8776
8777
8779
8783
8791
8810
8836
8839
8844
8855
8860
8863
8867
8868
8874
8890
8899
8904
8909
8911
8912
8913
8915
8926
8931
8932
8933
8951
8955
8958
8965
8968
8977
8982
9001
9004
9006
9013
9014
9028
9034
9036
9037
9057
9063
9065
9072
9088
9093
9095
9101
9122
9132
9157
9164
9166
9172
9181
9185
9190
9191
9194
9198
9205
9215
9217
9219
9221
9227
9249
9260
9263
9274
9280
9281
9285
9300
9310
9313
9315
9322
9323
9331
9334
9340
9350
9356
9358
9362
9378
9400
9402
9429
9448
9449
9454
9460
9465
9475
9488
9499
9510
9517
9523
9524
9529
9530
9534
9551
9553
9554
9565
9577
9589
9606
9628
9634
9637
9642
9653
9655
9658
9660
9663
9666
9667
9670
9674
9678
9681
9685
9688
9692
9700
9714
9723
9730
9732
9737
9752
9753
9764
9768
9775
9781
9790
9796
9805
9807
9810
9836
9837
9849
9851
9857
9863
9902
9911
9918
9920
9925
9934
9943
9944
9946
9959
9968
9972
9973
9977
9981
10005
10014
10017
10027
10042
10045
10051
10059
10062
10077
10078
10079
10082
10091
10092
10100
10111
10115
10117
10118
10119
10120
10121
10134
10135
10142
10143
10150
10154
10161
10173
10175
10192
10200
10212
10223
10224
10230
10232
10257
10263
10266
10279
10283
10287
10291
10292
10294
10295
10296
10300
10301
10304
10306
10308
10310
10317
10319
10322
10325
10330
10336
10347
10357
10361
10362
10368
10376
10378
10383
10387
10390
10395
10397
10398
10402
10412
10430
10433
10435
10443
10445
10449
10452
10453
10467
10472
10475
10484
10488
10517
10518
10526
10527
10528
10539
10544
10545
10547
10554
10559
10568
10571
10578
10594
10595
10599
10604
10608
10625
10633
10649
10650
10654
10657
10661
10663
10664
10695
10709
10711
10718
10720
10725
10742
10744
10774
10778
10788
10791
10794
10795
10801
10802
10813
10814
10815
10818
10821
10822
10831
10834
10837
10838
10841
10849
10856
10857
10865
10874
10876
10886
10887
10888
10892
10894
10901
10902
10903
10911
10918
10921
10926
10937
10944
10945
10946
10949
10962
10974
10980
10985
10990
10993
10996
11001
11004
11013
11015
11021
11023
11045
11047
11054
11063
11089
11093
11102
11104
11132
11138
11147
11150
11153
11157
11159
11164
11168
11172
11178
11182
11188
11196
11200
11202
11203
11210
11212
11234
11236
11239
11248
11253
11254
11262
11294
11295
11296
11300
11307
11313
11318
11323
11335
11339
11340
11352
11359
11365
11373
11381
11385
11402
11409
11412
11430
11439
11441
11459
11462
11464
11481
11483
11486
11490
11491
11494
11500
11502
11505
11507
11509
11520
11531
11537
11538
11541
11542
11548
11552
11559
11560
11577
11579
11581
11591
11598
11605
11630
11640
11642
11651
11655
11658
11660
11666
11676
11679
11688
11692
11695
11697
11709
11714
11717
11722
11730
11734
11737
11744
11749
11753
11756
11765
11769
11771
11777
11788
11819
11821
11831
11846
11860
11869
11876
11888
11889
11914
11920
11924
11928
11930
11936
11942
11954
11970
11983
11990
12005
12006
12013
12015
12035
12055
12080
12092
12093
12097
12098
12105
12106
12109
12117
12129
12132
12138
12146
12150
12160
12165
12170
12171
12191
12201
12203
12229
12253
12257
12262
12264
12270
12271
12273
12274
12288
12314
12322
12323
12324
12336
12374
12381
12387
12388
12397
12401
12402
12405
12407
12417
12424
12435
12438
12440
12443
12450
12452
12457
12462
12477
12480
12485
12504
12521
12524
12525
12535
12539
12542
12545
12552
12556
12563
12576
12582
12595
12599
12632
12638
12644
12652
12660
12662
12671
12690
12691
12699
12711
12712
12715
12732
12735
12751
12752
12760
12773
12780
12791
12807
12813
12816
12819
12820
12825
12837
12843
12844
12847
12857
12876
12878
12879
12880
12887
12888
12898
12905
12911
12919
12920
12923
12925
12927
12933
12938
12941
12950
12955
12967
12986
12988
12991
12997
13003
13004
13007
13022
13024
13025
13029
13034
13035
13041
13042
13047
13066
13072
13077
13083
13085
13086
13088
13099
13111
13112
13123
13143
13146
13155
13162
13163
13165
13167
13181
13192
13196
13201
13202
13211
13214
13215
13217
13225
13231
13247
13254
13268
13273
13274
13289
13292
13302
13307
13312
13313
13315
13318
13322
13323
13333
13339
13340
13351
13352
13356
13361
13368
13380
13381
13384
13385
13399
13400
13415
13417
13433
13452
13455
13465
13467
13472
13479
13493
13496
13509
13517
13518
13525
13526
13547
13559
13567
13570
13573
13574
13591
13598
13600
13607
13615
13633
13636
13638
13644
13652
13654
13659
13678
13680
13687
13693
13712
13717
13729
13730
13742
13745
13750
13752
13756
13767
13768
13769
13772
13773
13786
13789
13791
13792
13796
13798
13799
13801
13821
13826
13834
13851
13862
13869
13883
13885
13887
13896
13915
13922
13923
13925
13937
13942
13946
13952
13955
13971
13974
13991
13998
14006
14008
14010
14011
14017
14027
14032
14033
14037
14057
14059
14062
14064
14083
14095
14100
14102
14105
14116
14119
14120
14123
14126
14136
14139
14150
14166
14171
14175
14176
14188
14189
14193
14195
14200
14218
14235
14239
14243
14244
14246
14247
14251
14255
14276
14283
14284
14289
14302
14325
14331
14335
14339
14346
14357
14358
14361
14362
14372
14375
14380
14382
14392
14409
14415
14417
14421
14423
14432
14443
14461
14465
14491
14493
14499
14501
14504
14507
14518
14522
14528
14530
14544
14550
14551
14557
14567
14571
14572
14574
14577
14594
14604
14611
14617
14619
14623
14624
14625
14626
14628
14643
14647
14648
14650
14663
14666
14676
14681
14684
14716
14719
14727
14730
14732
14735
14752
14760
14767
14768
14769
14772
14777
14785
14786
14787
14807
14810
14811
14813
14815
14820
14833
14836
14838
14855
14856
14857
14860
14877
14880
14881
14885
14889
14909
14920
14934
14937
14939
14951
14975
14980
15003
15006
15008
15015
15030
15031
15043
15055
15056
15060
15068
15076
15077
15080
15082
15094
15139
15145
15147
15156
15162
15169
15170
15187
15196
15199
15206
15209
15212
15217
15226
15228
15231
15243
15252
15255
15258
15259
15260
15266
15271
15275
15278
15279
15285
15294
15298
15300
15304
15309
15311
15314
15319
15330
15351
15366
15380
15400
15412
15414
15416
15424
15434
15443
15446
15449
15464
15467
15516
15520
15527
15531
15555
15566
15571
15576
15582
15583
15595
15606
15613
15614
15620
15630
15635
15643
15650
15652
15656
15657
15660
15663
15666
15669
15679
15688
15690
15693
15698
15708
15710
15711
15713
15723
15770
15774
15784
15785
15792
15817
15820
15821
15824
15834
15840
15841
15851
15854
15855
15858
15860
15866
15876
15888
15890
15897
15904
15938
15942
15944
15953
15954
15955
15956
15958
15959
15968
15974
15983
15990
15992
16006
16007
16011
16016
16026
16029
16032
16034
16042
16044
16048
16051
16056
16058
16059
16060
16066
16068
16077
16079
16082
16092
16103
16104
16105
16117
16127
16128
16131
16133
16137
16142
16145
16146
16160
16172
16178
16215
16218
16233
16234
16236
16239
16246
16251
16255
16259
16261
16275
16279
16280
16283
16291
16294
16298
16306
16320
16323
16327
16337
16338
16348
16355
16359
16372
16377
16379
16388
16407
16408
16421
16434
16460
16465
16467
16470
16474
16484
16501
16507
16508
16510
16513
16517
16519
16520
16522
16526
16527
16539
16540
16542
16546
16553
16559
16560
16562
16571
16577
16580
16583
16590
16593
16603
16617
16628
16629
16640
16649
16663
16669
16675
16681
16686
16688
16690
16700
16707
16720
16742
16745
16751
16765
16767
16771
16772
16773
16782
16787
16800
16821
16827
16842
16853
16863
16864
16872
16878
16879
16880
16883
16885
16887
16899
16937
16944
16980
16994
16998
17000
17001
17003
17011
17032
17038
17056
17058
17067
17081
17090
17110
17115
17120
17121
17139
17140
17152
17156
17161
17170
17174
17179
17183
17186
17187
17192
17197
17210
17223
17230
17231
17234
17250
17251
17277
17291
17299
17300
17314
17330
17332
17336
17337
17346
17349
17358
17364
17369
17370
17375
17376
17377
17386
17388
17389
17403
17405
17412
17417
17422
17435
17438
17442
17449
17461
17466
17467
17471
17478
17498
17501
17504
17520
17523
17528
17531
17538
17551
17553
17576
17579
17580
17581
17583
17585
17588
17590
17594
17604
17613
17614
17615
17636
17639
17650
17652
17653
17660
17661
17669
17670
17672
17676
17677
17745
17751
17765
17775
17787
17788
17791
17793
17796
17804
17806
17815
17818
17821
17823
17824
17837
17841
17846
17858
17862
17863
17866
17868
17889
17895
17901
17908
17924
17929
17936
17946
17949
17955
17961
17968
17970
17979
17980
17991
17993
18003
18013
18014
18030
18032
18033
18042
18048
18049
18050
18057
18058
18059
18065
18067
18084
18097
18114
18117
18118
18130
18131
18143
18158
18167
18170
18171
18180
18187
18198
18200
18203
18204
18207
18217
18224
18236
18246
18249
18256
18266
18269
18271
18273
18300
18305
18308
18316
18329
18332
18338
18344
18371
18379
18389
18396
18399
18403
18405
18435
18440
18442
18445
18452
18460
18475
18482
18484
18485
18486
18490
18494
18497
18511
18522
18528
18538
18543
18550
18554
18559
18563
18578
18580
18583
18590
18598
18606
18613
18630
18631
18640
18641
18647
18649
18653
18658
18659
18666
18677
18680
18689
18699
18701
18708
18723
18727
18746
18748
18749
18753
18760
18766
18771
18773
18782
18786
18790
18799
18802
18805
18809
18814
18819
18820
18822
18836
18837
18841
18846
18852
18853
18856
18859
18872
18880
18883
18889
18891
18910
18911
18922
18923
18931
18937
18938
18941
18943
18944
18959
18974
18975
18977
18988
18989
18990
19010
19032
19035
19036
19069
19072
19076
19081
19086
19088
19091
19098
19107
19111
19126
19128
19129
19132
19138
19141
19142
19145
19146
19147
19150
19155
19162
19172
19179
19180
19188
19190
19193
19209
19214
19215
19219
19222
19225
19226
19235
19244
19247
19254
19269
19270
19271
19272
19281
19283
19288
19292
19307
19314
19317
19327
19332
19334
19338
19345
19352
19356
19360
19364
19376
19380
19387
19408
19411
19414
19448
19449
19450
19452
19453
19465
19467
19475
19481
19491
19514
19524
19532
19533
19539
19553
19562
19569
19573
19578
19579
19581
19587
19596
19597
19600
19605
19617
19619
19626
19631
19643
19654
19659
19660
19664
19674
19681
19700
19703
19705
19707
19709
19711
19713
19719
19727
19741
19745
19760
19761
19770
19778
19780
19782
19784
19786
19800
19810
19824
19829
19836
19837
19842
19844
19852
19854
19858
19861
19864
19869
19870
19881
19884
19902
19904
19912
19916
19917
19919
19926
19931
19952
19957
19972
19977
19979
19987
19989
19999
20005
20015
20016
20018
20021
20051
20052
20053
20055
20065
20068
20080
20085
20087
20089
20091
20099
20111
20123
20130
20131
20136
20150
20156
20162
20164
20166
20167
20178
20197
20199
20201
20238
20249
20251
20254
20263
20272
20276
20279
20298
20303
20307
20308
20317
20329
20335
20337
20341
20343
20347
20348
20361
20363
20368
20375
20394
20404
20405
20407
20412
20413
20416
20423
20425
20432
20433
20445
20458
20459
20460
20467
20469
20481
20486
20487
20491
20493
20517
20522
20524
20527
20539
20541
20543
20544
20550
20577
20583
20588
20596
20599
20623
20626
20634
20661
20676
20677
20680
20682
20686
20700
20709
20716
20723
20729
20730
20733
20737
20743
20747
20753
20766
20782
20792
20798
20801
20811
20821
20825
20835
20842
20851
20854
20865
20870
20874
20896
20897
20903
20926
20927
20950
20965
20971
20974
20975
20983
20986
21004
21017
21024
21028
21032
21033
21048
21050
21052
21053
21056
21058
21060
21062
21075
21077
21079
21086
21091
21097
21098
21099
21101
21110
21111
21115
21132
21141
21150
21163
21167
21176
21177
21184
21191
21192
21204
21209
21212
21216
21221
21222
21233
21248
21250
21257
21259
21269
21271
21276
21282
21288
21291
21309
21323
21331
21343
21350
21365
21368
21374
21378
21379
21381
21382
21384
21393
21406
21408
21419
21427
21438
21463
21466
21471
21472
21478
21482
21493
21501
21505
21513
21517
21530
21533
21534
21543
21555
21563
21573
21574
21578
21579
21594
21598
21601
21613
21637
21638
21644
21649
21653
21657
21660
21661
21683
21687
21688
21734
21745
21749
21757
21759
21762
21772
21783
21796
21799
21800
21815
21817
21824
21859
21860
21861
21892
21894
21896
21898
21901
21917
21928
21931
21934
21937
21938
21949
21951
21972
21975
21976
21984
21989
21993
22024
22029
22031
22042
22056
22064
22066
22080
22084
22085
22096
22100
22105
22106
22108
22115
22121
22123
22128
22130
22134
22140
22145
22150
22161
22162
22174
22175
22177
22179
22182
22186
22192
22197
22220
22227
22230
22234
22238
22243
22255
22256
22257
22261
22264
22267
22288
22289
22290
22292
22297
22299
22308
22310
22312
22330
22341
22345
22351
22362
22363
22376
22378
22416
22422
22428
22430
22433
22441
22448
22452
22473
22475
22477
22478
22480
22489
22495
22500
22504
22507
22517
22523
22525
22530
22537
22539
22554
22573
22582
22584
22592
22598
22604
22610
22620
22640
22641
22647
22653
22680
22681
22682
22691
22715
22724
22729
22742
22744
22745
22757
22765
22767
22769
22772
22777
22788
22793
22820
22821
22832
22849
22851
22861
22872
22878
22891
22894
22900
22903
22921
22924
22930
22936
22942
22944
22950
22952
22960
22961
22972
22977
22978
22981
22982
22986
22991
22995
23002
23008
23009
23012
23022
23032
23034
23035
23050
23052
23061
23074
23080
23088
23091
23096
23107
23109
23110
23111
23116
23121
23122
23124
23126
23145
23155
23156
23171
23174
23175
23182
23183
23186
23189
23192
23204
23206
23207
23209
23223
23224
23233
23238
23240
23242
23249
23253
23259
23260
23265
23267
23283
23292
23296
23328
23331
23332
23333
23339
23340
23343
23351
23353
23354
23368
23371
23374
23375
23376
23378
23393
23398
23399
23404
23421
23430
23432
23438
23441
23446
23447
23459
23462
23463
23475
23480
23486
23487
23490
23514
23519
23522
23526
23529
23535
23543
23547
23557
23561
23567
23569
23571
23574
23577
23582
23589
23613
23615
23616
23626
23631
23633
23637
23672
23678
23684
23692
23698
23704
23707
23726
23752
23764
23765
23767
23769
23774
23783
23787
23795
23799
23803
23816
23820
23823
23825
23827
23829
23842
23855
23865
23868
23879
23884
23896
23902
23918
23925
23965
23968
23970
23972
23974
23984
24000
24006
24007
24008
24019
24026
24028
24034
24047
24049
24064
24065
24068
24073
24074
24076
24082
24085
24104
24113
24121
24125
24132
24139
24140
24164
24167
24170
24181
24182
24200
24207
24219
24222
24230
24231
24232
24240
24243
24254
24257
24263
24268
24288
24296
24306
24312
24316
24328
24343
24345
24351
24354
24360
24363
24379
24387
24393
24395
24403
24409
24410
24421
24423
24441
24443
24451
24474
24481
24488
24500
24515
24520
24525
24528
24536
24537
24540
24545
24554
24556
24566
24574
24579
24580
24582
24591
24592
24598
24599
24605
24632
24635
24638
24642
24644
24647
24666
24670
24683
24695
24696
24711
24716
24726
24728
24731
24766
24776
24777
24790
24809
24810
24815
24819
24821
24822
24827
24837
24838
24839
24845
24856
24864
24871
24872
24875
24877
24878
24879
24884
24890
24900
24902
24908
24910
24916
24920
24924
24927
24928
24944
24954
24956
24959
24980
24988
24990
24995
24996
25010
25021
25025
25036
25046
25072
25076
25077
25102
25106
25110
25115
25119
25133
25135
25136
25141
25143
25150
25158
25169
25174
25175
25179
25181
25183
25189
25192
25193
25199
25201
25212
25224
25236
25237
25238
25243
25249
25255
25262
25264
25291
25295
25303
25311
25312
25320
25328
25330
25331
25351
25352
25358
25361
25412
25431
25436
25452
25459
25461
25473
25487
25495
25500
25506
25513
25520
25524
25526
25529
25530
25531
25555
25568
25592
25597
25624
25625
25629
25634
25656
25662
25666
25669
25672
25679
25683
25695
25698
25706
25711
25722
25735
25745
25754
25756
25760
25770
25778
25780
25792
25798
25801
25808
25810
25813
25815
25825
25828
25839
25841
25850
25851
25860
25864
25867
25901
25909
25922
25926
25936
25939
25947
25955
25958
25965
25968
25970
25971
25974
25983
25985
25987
25989
25993
25996
25999
26011
26023
26030
26032
26034
26035
26036
26041
26050
26053
26070
26072
26077
26081
26085
26086
26101
26112
26116
26118
26119
26135
26136
26146
26157
26179
26184
26186
26199
26211
26216
26221
26227
26235
26239
26242
26253
26265
26274
26289
26291
26292
26297
26298
26300
26304
26306
26328
26332
26334
26352
26365
26366
26367
26380
26384
26387
26388
26398
26403
26404
26407
26420
26422
26432
26436
26443
26446
26454
26462
26469
26476
26485
26486
26501
26504
26512
26518
26534
26540
26551
26560
26562
26583
26585
26590
26592
26599
26600
26602
26605
26615
26617
26620
26626
26628
26631
26633
26641
26643
26648
26652
26656
26662
26667
26696
26709
26711
26712
26717
26719
26720
26730
26737
26742
26751
26754
26757
26759
26766
26767
26769
26772
26785
26799
26802
26804
26816
26843
26850
26856
26865
26869
26877
26881
26883
26893
26896
26897
26900
26909
26922
26929
26940
26947
26953
26957
26960
26961
26977
26984
26989
26996
26998
27016
27022
27025
27032
27035
27036
27048
27050
27052
27053
27064
27087
27103
27105
27111
27117
27125
27126
27148
27154
27166
27181
27187
27193
27197
27209
27239
27262
27268
27269
27275
27280
27289
27291
27313
27317
27318
27319
27334
27341
27344
27346
27347
27359
27360
27364
27371
27373
27378
27380
27382
27394
27398
27403
27411
27429
27431
27437
27439
27440
27447
27469
27493
27496
27506
27509
27513
27515
27524
27530
27537
27540
27545
27546
27548
27561
27562
27565
27566
27575
27579
27583
27587
27590
27602
27603
27611
27613
27619
27628
27630
27642
27646
27651
27655
27656
27657
27661
27663
27668
27673
27676
27680
27681
27683
27692
27706
27708
27726
27729
27743
27749
27752
27762
27772
27777
27780
27794
27806
27819
27828
27829
27834
27840
27841
27848
27859
27878
27880
27881
27883
27891
27892
27893
27897
27903
27906
27911
27915
27917
27925
27932
27951
27956
27959
27960
27965
27971
27979
28002
28006
28019
28025
28028
28030
28039
28062
28071
28075
28082
28096
28100
28102
28109
28112
28117
28124
28126
28127
28136
28142
28143
28146
28150
28157
28170
28173
28175
28183
28189
28194
28195
28198
28199
28207
28214
28217
28224
28226
28229
28233
28234
28243
28246
28249
28268
28277
28285
28295
28307
28309
28313
28323
28328
28329
28335
28337
28340
28349
28354
28356
28357
28358
28365
28374
28390
28393
28406
28409
28411
28420
28428
28435
28444
28447
28453
28455
28472
28476
28479
28481
28492
28500
28504
28509
28510
28511
28514
28516
28517
28532
28534
28542
28546
28559
28575
28588
28595
28598
28610
28629
28642
28648
28668
28677
28685
28690
28696
28708
28712
28729
28731
28752
28753
28761
28784
28788
28792
28812
28813
28827
28828
28843
28847
28851
28861
28868
28869
28876
28888
28893
28895
28916
28921
28925
28937
28949
28959
28963
28965
28979
28985
28987
28990
28994
29001
29013
29014
29015
29017
29018
29029
29050
29053
29059
29060
29064
29065
29083
29087
29110
29123
29127
29183
29189
29192
29200
29202
29203
29217
29219
29221
29223
29227
29231
29235
29252
29257
29265
29267
29278
29293
29297
29299
29304
29322
29326
29327
29342
29361
29382
29384
29392
29394
29410
29412
29414
29415
29417
29433
29436
29437
29442
29445
29465
29470
29477
29492
29499
29500
29507
29514
29521
29535
29536
29539
29542
29545
29547
29558
29560
29561
29578
29584
29587
29591
29603
29607
29611
29612
29613
29614
29618
29632
29639
29651
29657
29660
29667
29668
29672
29681
29686
29691
29695
29700
29701
29707
29721
29728
29729
29731
29735
29739
29744
29770
29773
29782
29786
29789
29799
29803
29806
29807
29809
29823
29833
29834
29836
29839
29841
29850
29853
29855
29857
29871
29881
29884
29898
29907
29932
29933
29944
29948
29959
29962
29963
29967
29971
29972
29973
29980
29986
29991
29992
30006
30016
30023
30028
30031
30041
30057
30059
30061
30069
30091
30092
30097
30103
30107
30124
30130
30137
30141
30151
30153
30169
30184
30186
30188
30198
30204
30208
30214
30218
30225
30228
30237
30238
30240
30244
30253
30256
30266
30271
30276
30277
30278
30280
30283
30285
30290
30294
30296
30298
30299
30300
30309
30310
30324
30334
30344
30345
30353
30367
30377
30406
30407
30415
30424
30426
30433
30445
30460
30468
30473
30479
30482
30483
30523
30530
30542
30543
30545
30547
30548
30561
30568
30570
30581
30590
30600
30605
30609
30618
30620
30639
30644
30645
30662
30675
30689
30692
30705
30708
30720
30724
30728
30748
30751
30758
30777
30779
30793
30794
30799
30805
30806
30808
30826
30836
30843
30846
30847
30848
30850
30851
30870
30871
30876
30881
30885
30886
30888
30890
30893
30897
30902
30903
30910
30912
30920
30926
30932
30933
30934
30936
30942
30948
30957
30961
30967
30972
30974
30977
30982
30984
30985
31002
31006
31008
31017
31019
31022
31030
31031
31037
31038
31045
31062
31067
31070
31075
31076
31104
31148
31153
31156
31170
31172
31173
31175
31179
31180
31186
31187
31189
31193
31210
31211
31223
31246
31250
31253
31275
31279
31283
31302
31321
31324
31332
31355
31360
31370
31378
31385
31392
31397
31401
31403
31404
31405
31421
31432
31439
31447
31448
31449
31471
31474
31475
31491
31495
31499
31516
31523
31537
31541
31550
31554
31555
31558
31561
31566
31568
31571
31575
31578
31587
31597
31602
31605
31609
31617
31621
31622
31626
31630
31636
31639
31643
31652
31663
31668
31671
31672
31683
31687
31688
31694
31696
31711
31724
31725
31730
31736
31737
31738
31742
31743
31750
31765
31773
31777
31780
31783
31788
31793
31795
31814
31815
31823
31835
31836
31843
31848
31861
31863
31879
31882
31887
31915
31919
31946
31947
31963
31965
31975
31977
31982
31987
31996
32012
32026
32029
32032
32064
32075
32079
32082
32083
32089
32091
32093
32110
32114
32115
32121
32123
32128
32131
32138
32148
32160
32166
32168
32176
32180
32187
32192
32195
32202
32205
32209
32219
32220
32224
32237
32238
32243
32250
32258
32264
32272
32281
32296
32302
32305
32316
32318
32323
32332
32338
32339
32344
32345
32346
32348
32361
32367
32370
32372
32376
32384
32393
32394
32398
32403
32416
32434
32440
32464
32466
32507
32512
32518
32520
32521
32527
32533
32539
32541
32548
32558
32559
32560
32567
32576
32582
32592
32610
32618
32622
32625
32634
32635
32654
32657
32664
32669
32679
32685
32694
32699
32702
32704
32711
32715
32718
32730
32735
32740
32745
32746
32747
32762
32783
32786
32787
32798
32813
32814
32819
32828
32840
32858
32877
32879
32885
32893
32897
32900
32902
32904
32911
32914
32915
32922
32928
32938
32949
32964
32967
32977
32978
32990
32992
33001
33004
33009
33020
33034
33037
33041
33048
33055
33058
33071
33074
33082
33092
33094
33124
33130
33135
33139
33152
33154
33160
33173
33181
33182
33183
33184
33187
33191
33195
33198
33222
33230
33266
33281
33282
33285
33286
33288
33305
33308
33313
33315
33318
33322
33332
33335
33336
33346
33356
33362
33365
33378
33386
33395
33399
33411
33412
33419
33427
33431
33434
33439
33442
33452
33457
33463
33464
33489
33515
33518
33519
33524
33525
33526
33527
33528
33543
33545
33555
33557
33559
33562
33564
33568
33585
33593
33603
33610
33611
33615
33617
33626
33635
33655
33663
33669
33670
33675
33692
33694
33706
33711
33723
33725
33734
33739
33743
33744
33745
33750
33758
33759
33765
33770
33785
33786
33796
33797
33799
33806
33825
33840
33841
33843
33844
33846
33856
33857
33862
33871
33877
33889
33891
33895
33909
33927
33931
33936
33939
33945
33947
33954
33962
33967
33970
33986
33988
34004
34008
34011
34016
34019
34021
34022
34033
34043
34045
34048
34050
34055
34057
34068
34070
34080
34090
34096
34107
34109
34114
34116
34139
34141
34143
34145
34155
34168
34169
34178
34180
34182
34183
34194
34198
34213
34227
34231
34234
34237
34239
34242
34252
34256
34262
34279
34287
34291
34301
34306
34311
34322
34327
34330
34334
34338
34351
34371
34375
34378
34379
34382
34384
34390
34394
34407
34433
34446
34451
34461
34462
34470
34486
34494
34495
34511
34542
34549
34551
34556
34557
34560
34578
34581
34583
34591
34592
34603
34617
34644
34646
34672
34678
34690
34696
34704
34708
34709
34713
34715
34716
34721
34728
34729
34731
34732
34747
34748
34749
34751
34761
34765
34768
34770
34772
34783
34784
34786
34789
34790
34792
34795
34808
34812
34814
34824
34833
34836
34844
34851
34858
34868
34870
34874
34885
34890
34892
34895
34898
34901
34902
34917
34924
34927
34928
34941
34945
34954
34963
34968
34986
34988
34993
35003
35004
35011
35024
35025
35036
35059
35063
35065
35071
35081
35082
35088
35091
35098
35102
35104
35105
35106
35122
35123
35143
35155
35157
35158
35185
35194
35201
35218
35237
35245
35253
35256
35262
35264
35265
35266
35267
35279
35288
35291
35301
35328
35330
35337
35344
35348
35359
35363
35365
35367
35369
35371
35375
35381
35395
35396
35402
35404
35413
35417
35431
35434
35443
35452
35456
35464
35474
35476
35478
35489
35491
35501
35503
35513
35516
35521
35524
35526
35534
35537
35540
35546
35550
35560
35565
35572
35588
35589
35597
35609
35611
35619
35631
35632
35656
35663
35665
35670
35673
35676
35678
35680
35690
35707
35710
35711
35715
35716
35723
35743
35753
35758
35761
35766
35767
35789
35794
35801
35803
35816
35835
35837
35838
35848
35852
35855
35873
35905
35907
35922
35924
35942
35944
35948
35957
35959
35966
35977
35983
35989
35990
35995
36003
36008
36010
36030
36035
36059
36065
36084
36089
36094
36095
36101
36122
36130
36134
36143
36150
36151
36156
36157
36158
36165
36168
36179
36181
36188
36209
36215
36224
36226
36238
36239
36241
36244
36249
36260
36264
36267
36269
36273
36274
36275
36277
36278
36289
36293
36297
36304
36309
36313
36322
36336
36341
36343
36346
36347
36353
36354
36362
36369
36375
36400
36401
36404
36405
36407
36408
36410
36414
36419
36425
36428
36432
36433
36437
36443
36450
36455
36456
36462
36470
36479
36480
36495
36516
36518
36526
36533
36538
36540
36555
36591
36594
36608
36620
36625
36627
36632
36635
36638
36659
36662
36665
36668
36677
36688
36695
36707
36708
36716
36726
36728
36731
36732
36742
36745
36748
36756
36763
36770
36773
36779
36783
36788
36799
36808
36819
36834
36835
36838
36844
36845
36850
36869
36876
36883
36887
36889
36904
36906
36907
36909
36918
36921
36922
36923
36926
36931
36932
36958
36962
36980
36997
37015
37037
37039
37042
37051
37063
37074
37078
37084
37090
37094
37097
37106
37110
37116
37128
37132
37136
37141
37143
37154
37155
37157
37165
37181
37206
37207
37218
37225
37226
37231
37234
37243
37248
37255
37259
37260
37271
37280
37286
37294
37302
37314
37320
37335
37341
37353
37361
37376
37385
37386
37391
37396
37448
37453
37461
37466
37473
37478
37488
37489
37498
37506
37519
37531
37536
37541
37542
37546
37547
37548
37554
37555
37564
37567
37569
37575
37578
37585
37594
37605
37608
37611
37617
37619
37620
37621
37624
37625
37626
37639
37642
37651
37658
37659
37675
37682
37683
37688
37691
37714
37721
37727
37731
37743
37758
37760
37772
37778
37781
37782
37783
37788
37800
37810
37812
37813
37818
37820
37827
37831
37845
37879
37885
37894
37906
37909
37913
37922
37923
37928
37934
37938
37939
37948
37949
37958
37961
37963
37965
37967
37976
37977
37980
37996
38004
38005
38011
38016
38029
38032
38046
38051
38059
38081
38082
38086
38089
38100
38122
38125
38131
38141
38144
38149
38152
38157
38161
38168
38174
38177
38179
38182
38190
38191
38201
38202
38215
38220
38239
38240
38253
38255
38265
38268
38269
38275
38280
38282
38286
38302
38310
38318
38319
38321
38352
38360
38361
38366
38368
38373
38375
38386
38392
38393
38410
38411
38413
38416
38419
38420
38421
38423
38426
38435
38440
38443
38444
38463
38489
38493
38503
38504
38506
38517
38519
38527
38532
38560
38568
38569
38573
38576
38579
38580
38587
38596
38597
38620
38626
38627
38644
38647
38656
38672
38675
38692
38694
38702
38707
38748
38750
38751
38756
38757
38761
38767
38769
38770
38775
38776
38780
38785
38793
38800
38802
38805
38809
38814
38815
38833
38855
38858
38864
38882
38886
38901
38904
38905
38912
38917
38925
38926
38927
38941
38954
38955
38983
38986
39017
39026
39035
39040
39041
39043
39056
39065
39082
39097
39103
39107
39115
39125
39129
39133
39136
39138
39147
39150
39151
39153
39169
39172
39174
39189
39194
39198
39208
39209
39226
39229
39236
39240
39246
39248
39249
39259
39270
39271
39273
39276
39286
39294
39306
39316
39323
39327
39328
39337
39339
39357
39362
39363
39373
39379
39392
39400
39402
39414
39416
39423
39438
39449
39458
39461
39465
39468
39469
39481
39483
39485
39488
39492
39498
39499
39505
39516
39528
39536
39544
39552
39554
39556
39557
39562
39565
39572
39589
39597
39602
39605
39607
39619
39635
39657
39659
39667
39668
39670
39677
39680
39682
39687
39691
39693
39694
39698
39699
39709
39720
39723
39725
39731
39733
39735
39736
39756
39758
39762
39766
39774
39778
39785
39786
39792
39795
39807
39810
39825
39829
39830
39850
39856
39868
39871
39879
39888
39889
39905
39906
39907
39910
39913
39923
39928
39930
39933
39934
39943
39947
39949
39951
39953
39955
39956
39964
39968
39970
39988
39991
39997
40002
40032
40040
40041
40051
40054
40056
40057
40060
40065
40072
40081
40089
40092
40094
40098
40105
40113
40117
40128
40132
40135
40139
40142
40146
40170
40173
40178
40179
40200
40212
40219
40221
40231
40239
40240
40241
40243
40247
40248
40249
40272
40277
40278
40290
40293
40297
40306
40310
40313
40324
40327
40328
40331
40338
40339
40340
40341
40348
40350
40368
40369
40397
40407
40412
40414
40426
40441
40458
40466
40469
40472
40476
40486
40514
40519
40522
40527
40555
40564
40569
40572
40584
40598
40603
40610
40612
40615
40617
40622
40624
40640
40643
40647
40651
40658
40676
40677
40678
40683
40686
40696
40701
40718
40720
40738
40741
40743
40748
40753
40758
40767
40769
40780
40786
40791
40795
40801
40814
40815
40824
40828
40836
40838
40840
40841
40849
40860
40864
40870
40895
40900
40910
40913
40932
40934
40935
40941
40951
40962
40975
40980
40982
40991
40992
40995
40996
40999
41000
41001
41008
41012
41020
41030
41031
41035
41040
41053
41058
41073
41076
41077
41092
41096
41108
41109
41110
41122
41128
41129
41136
41150
41157
41159
41174
41177
41180
41181
41218
41227
41234
41236
41237
41249
41254
41264
41266
41271
41278
41280
41281
41284
41290
41297
41304
41306
41311
41321
41338
41354
41370
41376
41386
41411
41419
41420
41421
41439
41445
41460
41461
41465
41466
41487
41500
41505
41506
41512
41514
41521
41523
41536
41543
41549
41553
41558
41560
41565
41569
41570
41580
41584
41594
41595
41596
41599
41614
41638
41642
41645
41648
41663
41668
41671
41677
41680
41681
41684
41694
41730
41734
41738
41752
41757
41760
41779
41781
41794
41808
41816
41818
41844
41845
41850
41853
41855
41862
41863
41874
41879
41890
41925
41929
41931
41932
41933
41940
41947
41949
41950
41954
41965
41974
41975
41977
41978
41981
41983
41990
41993
41997
42004
42005
42013
42023
42038
42046
42047
42048
42049
42064
42075
42086
42090
42105
42109
42115
42119
42122
42140
42154
42160
42163
42168
42173
42174
42178
42180
42184
42187
42188
42190
42206
42209
42219
42222
42233
42235
42237
42244
42248
42254
42255
42257
42290
42295
42298
42314
42327
42352
42355
42357
42381
42385
42386
42409
42419
42428
42432
42435
42438
42443
42452
42461
42462
42468
42478
42479
42480
42490
42507
42515
42527
42537
42538
42556
42563
42565
42576
42580
42585
42601
42603
42604
42605
42614
42621
42623
42631
42637
42640
42646
42647
42652
42653
42659
42667
42670
42678
42679
42696
42700
42705
42706
42709
42717
42719
42721
42722
42725
42726
42729
42735
42738
42776
42805
42806
42811
42816
42822
42826
42827
42837
42840
42841
42858
42862
42876
42878
42879
42893
42895
42904
42905
42911
42913
42914
42918
42925
42926
42928
42944
42948
42955
42960
42961
42963
42964
42966
42977
42993
42997
43015
43017
43020
43024
43035
43042
43052
43053
43061
43064
43079
43085
43086
43088
43089
43095
43101
43110
43124
43128
43130
43133
43135
43137
43138
43146
43153
43162
43163
43175
43191
43196
43198
43200
43219
43227
43232
43233
43238
43247
43248
43250
43252
43253
43257
43262
43268
43271
43283
43288
43293
43305
43320
43324
43330
43333
43351
43352
43368
43370
43373
43392
43396
43415
43416
43417
43439
43464
43466
43478
43487
43490
43504
43509
43520
43527
43534
43540
43548
43568
43570
43571
43587
43594
43600
43608
43612
43618
43619
43620
43622
43646
43652
43666
43670
43677
43678
43683
43689
43695
43699
43704
43705
43706
43713
43716
43722
43729
43731
43738
43739
43746
43754
43766
43770
43776
43785
43786
43790
43804
43820
43821
43838
43841
43844
43848
43862
43868
43873
43892
43894
43896
43912
43917
43921
43922
43923
43925
43927
43931
43942
43956
43979
43981
43984
43988
43992
43998
44011
44023
44027
44043
44045
44046
44051
44055
44057
44062
44069
44084
44085
44093
44098
44104
44107
44118
44120
44142
44145
44150
44153
44166
44168
44186
44190
44206
44209
44224
44242
44245
44246
44247
44258
44262
44266
44271
44280
44282
44287
44292
44301
44303
44304
44313
44314
44316
44322
44330
44335
44345
44353
44359
44363
44371
44377
44380
44387
44389
44403
44412
44413
44416
44426
44436
44437
44442
44452
44471
44477
44480
44485
44491
44492
44495
44504
44506
44508
44512
44515
44517
44519
44521
44525
44533
44542
44547
44551
44554
44557
44569
44572
44583
44591
44594
44595
44609
44627
44634
44653
44678
44680
44683
44690
44691
44694
44698
44699
44706
44715
44727
44737
44750
44755
44768
44771
44782
44789
44791
44792
44828
44832
44835
44842
44845
44854
44860
44866
44867
44894
44901
44908
44912
44930
44931
44958
44966
44970
44975
44984
44985
44995
45010
45018
45019
45025
45029
45035
45045
45055
45068
45072
45093
45101
45102
45110
45112
45113
45115
45116
45120
45126
45127
45133
45141
45145
45155
45156
45160
45167
45171
45174
45190
45193
45196
45201
45220
45227
45229
45235
45236
45237
45247
45256
45265
45266
45267
45270
45272
45276
45286
45291
45293
45299
45304
45324
45334
45335
45337
45343
45348
45349
45356
45358
45359
45362
45363
45371
45374
45383
45384
45390
45402
45403
45417
45418
45424
45425
45435
45460
45462
45463
45466
45474
45478
45481
45483
45489
45490
45493
45503
45507
45510
45516
45521
45522
45526
45529
45547
45549
45550
45554
45555
45568
45571
45587
45595
45603
45605
45611
45615
45623
45624
45632
45639
45640
45647
45652
45657
45672
45680
45682
45691
45701
45702
45709
45716
45718
45738
45744
45748
45750
45774
45787
45789
45801
45803
45804
45805
45806
45809
45810
45814
45815
45820
45825
45830
45835
45844
45848
45856
45860
45869
45886
45895
45898
45901
45903
45931
45934
45937
45946
45956
45969
45975
45978
45982
45984
45985
45988
45992
46005
46013
46017
46027
46030
46042
46048
46054
46067
46070
46073
46077
46082
46094
46103
46104
46130
46134
46136
46140
46142
46146
46149
46152
46161
46165
46168
46182
46183
46186
46189
46191
46192
46194
46200
46251
46255
46257
46263
46264
46282
46286
46289
46291
46296
46297
46304
46305
46313
46315
46321
46331
46332
46336
46338
46344
46351
46355
46365
46368
46371
46373
46381
46383
46390
46401
46406
46408
46420
46421
46462
46475
46514
46524
46526
46533
46535
46536
46539
46547
46550
46551
46552
46555
46567
46573
46576
46582
46591
46592
46595
46597
46599
46617
46640
46642
46643
46647
46660
46677
46679
46682
46686
46687
46688
46689
46708
46714
46720
46721
46730
46731
46742
46746
46754
46767
46772
46778
46780
46786
46791
46792
46797
46804
46812
46818
46825
46834
46843
46851
46858
46865
46878
46885
46887
46896
46901
46903
46922
46928
46935
46941
46958
46960
46972
46973
46974
46975
46993
47007
47011
47017
47018
47020
47022
47025
47028
47033
47045
47048
47049
47055
47071
47074
47077
47085
47092
47096
47102
47106
47113
47120
47134
47136
47138
47164
47188
47192
47195
47197
47198
47207
47213
47222
47226
47234
47240
47254
47260
47261
47268
47273
47275
47276
47289
47296
47298
47303
47304
47318
47321
47324
47337
47339
47349
47370
47373
47389
47398
47406
47407
47415
47420
47424
47427
47433
47434
47440
47456
47457
47458
47472
47474
47477
47478
47501
47504
47506
47508
47518
47530
47533
47537
47540
47549
47554
47559
47560
47564
47566
47571
47572
47576
47593
47594
47602
47606
47618
47643
47652
47659
47661
47663
47666
47679
47691
47694
47696
47701
47702
47711
47713
47714
47719
47728
47737
47738
47749
47755
47756
47759
47763
47770
47771
47776
47777
47779
47786
47787
47789
47809
47825
47826
47830
47833
47835
47839
47842
47855
47869
47874
47882
47883
47896
47913
47938
47948
47951
47954
47959
47984
47987
47989
47990
47999
48011
48012
48023
48024
48038
48040
48055
48063
48065
48107
48122
48129
48130
48136
48138
48151
48152
48167
48168
48173
48175
48180
48182
48186
48189
48194
48205
48206
48209
48211
48213
48218
48220
48226
48242
48254
48291
48308
48312
48317
48318
48320
48323
48327
48335
48338
48340
48348
48352
48354
48357
48360
48368
48370
48397
48402
48403
48407
48417
48426
48450
48463
48464
48467
48474
48482
48484
48497
48500
48503
48507
48521
48523
48525
48530
48546
48580
48583
48595
48598
48602
48605
48607
48608
48611
48612
48614
48624
48639
48642
48649
48652
48660
48661
48665
48671
48675
48683
48692
48696
48699
48705
48706
48707
48708
48713
48714
48715
48716
48720
48724
48728
48731
48737
48742
48745
48748
48749
48767
48783
48786
48788
48789
48797
48806
48809
48821
48847
48848
48858
48863
48864
48869
48884
48886
48891
48893
48897
48904
48921
48933
48934
48938
48942
48954
48963
48967
48973
48988
48989
48995
48997
49002
49014
49020
49024
49025
49026
49027
49028
49040
49041
49045
49059
49060
49076
49078
49083
49085
49089
49094
49097
49108
49118
49128
49132
49140
49145
49156
49157
49163
49176
49177
49180
49181
49192
49193
49202
49208
49220
49226
49227
49239
49253
49263
49265
49284
49285
49290
49292
49297
49298
49304
49313
49334
49337
49338
49358
49371
49381
49393
49414
49421
49423
49424
49431
49439
49441
49442
49445
49448
49451
49452
49460
49462
49467
49473
49488
49503
49508
49509
49513
49516
49522
49524
49527
49535
49561
49571
49574
49575
49584
49591
49592
49595
49607
49610
49613
49620
49625
49630
49632
49643
49659
49661
49667
49671
49675
49688
49697
49705
49733
49734
49739
49742
49751
49754
49769
49772
49776
49788
49802
49814
49820
49824
49847
49854
49861
49865
49866
49870
49871
49883
49884
49885
49890
49896
49897
49899
49900
49903
49913
49915
49921
49931
49961
49964
49978
49991
50000
50007
50008
50010
50028
50037
50050
50052
50057
50062
50065
50068
50071
50076
50087
50091
50110
50112
50114
50124
50125
50146
50148
50163
50173
50177
50188
50190
50192
50193
50195
50203
50206
50209
50231
50233
50237
50239
50247
50257
50260
50261
50266
50274
50278
50284
50286
50289
50290
50302
50305
50314
50319
50324
50330
50331
50334
50335
50339
50340
50344
50347
50350
50365
50366
50371
50373
50377
50380
50383
50389
50400
50422
50442
50445
50454
50455
50456
50457
50460
50464
50504
50505
50522
50535
50544
50546
50552
50555
50556
50559
50564
50575
50576
50578
50580
50589
50596
50607
50628
50629
50638
50647
50648
50666
50667
50670
50680
50683
50688
50703
50706
50713
50718
50723
50724
50725
50726
50732
50752
50756
50769
50776
50777
50783
50788
50789
50793
50802
50807
50809
50816
50824
50840
50850
50852
50863
50868
50872
50873
50880
50882
50883
50895
50903
50909
50910
50935
50944
50950
50964
50965
50986
50987
50993
50994
51003
51012
51017
51028
51032
51037
51038
51040
51041
51046
51056
51071
51072
51073
51081
51103
51115
51120
51125
51131
51152
51166
51171
51175
51181
51187
51190
51194
51196
51200
51206
51213
51218
51220
51221
51225
51232
51233
51251
51254
51270
51274
51279
51304
51309
51322
51327
51329
51338
51345
51354
51361
51381
51387
51389
51391
51393
51396
51411
51417
51440
51461
51462
51463
51464
51483
51484
51496
51506
51511
51520
51524
51529
51532
51537
51550
51567
51569
51573
51575
51579
51581
51586
51591
51593
51595
51600
51610
51612
51613
51626
51628
51640
51646
51654
51661
51683
51684
51707
51709
51711
51712
51743
51752
51753
51755
51759
51761
51765
51766
51769
51770
51772
51776
51778
51784
51793
51798
51799
51804
51810
51812
51814
51820
51823
51824
51832
51833
51839
51843
51852
51854
51861
51865
51869
51876
51878
51882
51904
51917
51921
51926
51927
51932
51960
51975
51976
51977
51980
51986
51992
52004
52009
52011
52019
52020
52021
52024
52025
52031
52065
52067
52069
52070
52096
52103
52105
52107
52108
52132
52142
52149
52150
52152
52162
52163
52172
52173
52174
52177
52186
52189
52193
52194
52197
52198
52199
52203
52204
52207
52222
52224
52266
52279
52286
52290
52291
52307
52314
52316
52323
52329
52336
52339
52341
52342
52345
52347
52359
52362
52363
52369
52374
52386
52394
52399
52406
52407
52415
52418
52421
52434
52444
52456
52462
52467
52469
52472
52475
52503
52504
52509
52522
52527
52531
52532
52551
52564
52576
52578
52594
52603
52612
52618
52621
52622
52628
52630
52669
52671
52675
52680
52686
52695
52709
52711
52714
52746
52752
52753
52758
52767
52769
52795
52797
52800
52802
52807
52808
52811
52818
52819
52829
52833
52839
52841
52844
52848
52849
52850
52853
52854
52862
52863
52865
52875
52878
52880
52887
52898
52900
52911
52915
52918
52920
52922
52930
52931
52933
52935
52949
52953
52962
52965
52968
52997
53013
53023
53026
53032
53038
53060
53071
53083
53099
53105
53125
53127
53134
53146
53147
53149
53158
53170
53177
53182
53192
53194
53214
53215
53219
53222
53223
53232
53237
53240
53241
53246
53249
53252
53258
53278
53288
53299
53303
53304
53310
53316
53318
53334
53338
53343
53346
53348
53351
53353
53362
53364
53369
53371
53379
53383
53384
53389
53405
53409
53411
53412
53427
53428
53433
53437
53439
53448
53450
53453
53455
53465
53468
53469
53493
53498
53504
53514
53519
53520
53522
53532
53534
53535
53537
53538
53542
53546
53567
53578
53606
53617
53618
53619
53621
53629
53638
53640
53644
53647
53650
53654
53658
53663
53664
53667
53684
53688
53695
53702
53705
53710
53712
53714
53715
53728
53732
53738
53745
53751
53755
53758
53766
53771
53779
53784
53794
53800
53801
53836
53837
53844
53849
53854
53856
53859
53864
53873
53874
53891
53910
53911
53914
53920
53924
53928
53938
53941
53944
53962
53976
53981
53982
53995
54000
54003
54007
54008
54036
54055
54064
54065
54067
54071
54072
54073
54094
54096
54099
54108
54112
54135
54137
54139
54148
54149
54165
54166
54171
54174
54181
54186
54188
54204
54209
54211
54219
54224
54230
54235
54238
54240
54245
54251
54263
54265
54266
54290
54293
54294
54301
54302
54305
54306
54330
54335
54340
54341
54342
54344
54356
54370
54372
54374
54379
54406
54428
54443
54444
54445
54453
54459
54464
54483
54486
54493
54502
54505
54507
54511
54519
54528
54531
54536
54537
54553
54574
54577
54583
54585
54588
54591
54593
54601
54610
54613
54615
54620
54633
54649
54679
54684
54688
54699
54702
54703
54707
54714
54717
54720
54728
54731
54738
54743
54755
54761
54764
54766
54779
54780
54783
54821
54823
54826
54833
54836
54844
54849
54866
54878
54896
54897
54899
54917
54921
54926
54930
54939
54942
54945
54949
54950
54971
54975
54980
54981
54983
54987
54994
55000
55003
55008
55009
55013
55021
55026
55032
55033
55037
55041
55043
55045
55048
55057
55059
55062
55066
55067
55074
55091
55098
55107
55108
55111
55123
55133
55134
55151
55158
55166
55185
55186
55188
55200
55202
55203
55209
55216
55222
55238
55245
55256
55258
55259
55269
55276
55280
55290
55309
55313
55323
55332
55334
55342
55344
55346
55347
55358
55359
55360
55361
55374
55383
55384
55385
55398
55403
55406
55411
55416
55422
55425
55444
55452
55454
55469
55472
55476
55483
55484
55485
55497
55498
55501
55505
55506
55508
55514
55522
55531
55532
55536
55537
55547
55548
55550
55552
55561
55566
55567
55573
55574
55596
55607
55609
55616
55623
55624
55635
55638
55641
55644
55645
55646
55647
55655
55660
55664
55674
55676
55684
55694
55695
55696
55700
55712
55715
55734
55740
55744
55748
55750
55752
55754
55757
55759
55763
55765
55769
55783
55784
55805
55817
55818
55823
55828
55836
55869
55871
55877
55878
55881
55883
55885
55898
55903
55906
55907
55911
55912
55913
55920
55922
55935
55937
55939
55941
55952
55956
55973
55979
55980
55982
55987
55989
55994
56012
56013
56014
56026
56032
56033
56036
56042
56050
56054
56061
56065
56067
56068
56081
56088
56090
56091
56092
56103
56107
56109
56123
56124
56131
56141
56145
56147
56176
56192
56203
56210
56216
56233
56235
56242
56244
56259
56261
56278
56284
56292
56309
56310
56311
56312
56317
56320
56322
56327
56328
56340
56348
56349
56355
56360
56367
56374
56375
56379
56392
56393
56395
56396
56397
56400
56401
56406
56407
56410
56420
56431
56434
56444
56448
56456
56464
56470
56477
56483
56491
56506
56519
56525
56528
56532
56535
56540
56556
56563
56574
56578
56586
56596
56598
56600
56602
56605
56607
56609
56616
56628
56644
56649
56667
56676
56691
56704
56711
56733
56773
56777
56781
56785
56789
56791
56793
56802
56803
56805
56811
56830
56839
56844
56845
56847
56853
56856
56858
56861
56872
56875
56878
56885
56888
56892
56896
56902
56915
56916
56920
56922
56930
56932
56934
56947
56957
56961
56962
56976
56978
56990
56993
56998
57008
57015
57026
57029
57030
57032
57035
57039
57040
57042
57061
57067
57073
57079
57085
57091
57107
57115
57117
57122
57124
57127
57142
57144
57147
57148
57156
57158
57170
57171
57188
57189
57190
57203
57208
57218
57229
57245
57249
57253
57259
57262
57268
57281
57285
57300
57305
57321
57332
57335
57338
57339
57342
57343
57354
57358
57374
57378
57385
57386
57403
57408
57409
57411
57413
57414
57420
57432
57445
57446
57450
57454
57458
57459
57469
57492
57495
57499
57506
57512
57518
57531
57533
57538
57551
57554
57563
57567
57570
57575
57578
57579
57601
57602
57613
57625
57638
57647
57650
57666
57678
57701
57708
57710
57719
57724
57727
57753
57758
57764
57767
57773
57785
57789
57792
57796
57805
57808
57819
57825
57829
57830
57835
57838
57841
57846
57849
57860
57868
57869
57872
57887
57889
57894
57904
57905
57916
57926
57928
57933
57940
57943
57955
57961
57964
57965
57969
57971
57973
57974
57978
57979
57983
57997
57998
58004
58008
58013
58016
58018
58020
58035
58045
58047
58056
58060
58077
58094
58105
58108
58125
58148
58161
58162
58169
58170
58174
58176
58180
58188
58195
58198
58202
58203
58209
58224
58226
58232
58236
58241
58255
58259
58263
58266
58274
58286
58289
58293
58302
58309
58310
58323
58331
58338
58350
58359
58367
58385
58389
58391
58393
58396
58400
58403
58411
58423
58424
58428
58432
58433
58434
58452
58459
58465
58468
58471
58474
58481
58482
58483
58488
58494
58496
58500
58508
58510
58528
58531
58547
58558
58563
58570
58571
58580
58592
58593
58610
58612
58614
58620
58646
58650
58657
58661
58670
58671
58678
58679
58681
58687
58698
58715
58724
58740
58755
58758
58771
58780
58794
58803
58824
58828
58831
58843
58846
58849
58862
58871
58873
58877
58903
58904
58911
58912
58921
58922
58926
58932
58936
58962
58963
58965
58967
58971
58979
58980
58982
58989
58990
58994
58998
59010
59014
59020
59021
59023
59052
59096
59102
59112
59126
59131
59137
59140
59142
59151
59164
59173
59189
59192
59194
59200
59203
59204
59205
59209
59230
59236
59243
59256
59261
59263
59268
59274
59278
59283
59285
59288
59299
59316
59320
59321
59343
59347
59352
59358
59359
59370
59377
59380
59383
59385
59390
59393
59397
59408
59416
59417
59420
59432
59437
59478
59484
59489
59490
59491
59505
59508
59509
59512
59524
59535
59544
59574
59585
59588
59590
59603
59612
59614
59619
59622
59623
59628
59633
59635
59642
59648
59652
59660
59663
59664
59665
59666
59670
59671
59672
59675
59677
59682
59692
59697
59699
59710
59732
59733
59738
59746
59761
59765
59773
59779
59809
59814
59819
59832
59835
59836
59844
59849
59870
59875
59900
59903
59906
59916
59917
59929
59930
59933
59938
59950
59951
59955
59959
59965
59983
59986
59999
60009
60018
60020
60025
60027
60034
60036
60044
60046
60049
60054
60079
60095
60102
60107
60125
60134
60135
60147
60150
60162
60183
60192
60205
60206
60216
60218
60224
60236
60243
60248
60254
60258
60264
60267
60268
60270
60271
60291
60305
60311
60338
60342
60345
60346
60348
60353
60354
60355
60384
60414
60445
60446
60470
60476
60477
60482
60485
60487
60488
60492
60497
60503
60504
60515
60518
60519
60523
60528
60541
60542
60550
60553
60555
60563
60571
60574
60593
60595
60601
60604
60637
60639
60648
60656
60666
60667
60676
60680
60681
60687
60689
60717
60727
60730
60733
60744
60771
60780
60796
60810
60811
60813
60845
60848
60854
60859
60860
60861
60866
60867
60871
60881
60883
60884
60892
60894
60900
60903
60909
60913
60926
60944
60945
60948
60959
60960
60964
61016
61020
61038
61054
61062
61064
61074
61081
61082
61083
61092
61100
61103
61106
61114
61119
61121
61133
61134
61140
61146
61148
61152
61158
61160
61162
61177
61181
61185
61186
61188
61191
61192
61193
61201
61205
61208
61215
61216
61221
61230
61242
61243
61254
61255
61258
61261
61262
61265
61266
61280
61288
61292
61293
61301
61304
61312
61333
61339
61340
61361
61362
61373
61375
61380
61386
61387
61398
61402
61408
61411
61415
61418
61419
61420
61429
61443
61482
61483
61485
61486
61489
61499
61504
61514
61522
61525
61529
61534
61541
61542
61545
61550
61555
61563
61567
61570
61572
61573
61583
61588
61590
61591
61593
61598
61604
61609
61611
61626
61637
61639
61642
61644
61645
61654
61658
61664
61667
61671
61683
61684
61688
61704
61705
61706
61721
61722
61751
61782
61786
61795
61804
61806
61808
61823
61834
61840
61843
61847
61850
61863
61865
61866
61867
61869
61872
61884
61885
61889
61894
61902
61903
61917
61926
61929
61934
61936
61944
61947
61949
61957
61961
61976
61978
61990
61995
61999
62009
62011
62026
62031
62045
62056
62066
62071
62076
62113
62114
62129
62135
62140
62142
62170
62181
62182
62192
62198
62208
62216
62220
62226
62249
62260
62265
62266
62268
62271
62299
62306
62308
62311
62322
62325
62333
62340
62360
62369
62370
62386
62415
62416
62427
62428
62437
62443
62445
62450
62451
62452
62455
62456
62477
62489
62498
62503
62504
62509
62518
62524
62528
62534
62551
62552
62555
62559
62575
62579
62589
62590
62591
62593
62594
62608
62610
62613
62630
62638
62643
62650
62666
62676
62677
62678
62683
62686
62694
62698
62705
62710
62720
62753
62754
62765
62766
62769
62775
62785
62790
62807
62809
62811
62818
62819
62821
62823
62828
62837
62846
62850
62859
62866
62871
62878
62879
62889
62890
62892
62896
62898
62901
62902
62905
62913
62929
62930
62932
62938
62940
62941
62960
62962
62965
62968
62982
62984
62988
62989
62991
63001
63003
63012
63015
63026
63034
63040
63044
63049
63055
63058
63061
63066
63081
63082
63086
63098
63104
63110
63123
63138
63139
63143
63146
63149
63157
63159
63163
63185
63192
63196
63198
63199
63216
63221
63222
63223
63240
63247
63256
63257
63258
63262
63266
63271
63274
63285
63288
63303
63305
63310
63330
63336
63337
63338
63340
63342
63344
63371
63377
63381
63386
63396
63397
63398
63399
63417
63422
63423
63424
63426
63433
63446
63462
63493
63505
63508
63518
63520
63525
63542
63555
63570
63573
63575
63582
63583
63584
63587
63591
63600
63604
63621
63629
63631
63636
63642
63650
63654
63662
63671
63674
63683
63689
63690
63691
63693
63699
63702
63711
63714
63716
63721
63722
63723
63736
63761
63762
63769
63776
63786
63793
63799
63804
63806
63816
63822
63823
63831
63834
63836
63841
63842
63846
63850
63856
63868
63886
63890
63893
63894
63896
63897
63914
63916
63921
63922
63930
63935
63937
63938
63944
63949
63966
63967
63968
63980
63983
63990
63997
63998
64011
64014
64017
64024
64027
64031
64032
64041
64054
64059
64064
64073
64074
64075
64077
64080
64081
64084
64092
64094
64102
64103
64122
64126
64132
64136
64144
64145
64160
64163
64174
64175
64180
64182
64191
64229
64235
64239
64245
64246
64255
64258
64268
64273
64276
64288
64292
64293
64304
64310
64318
64327
64329
64332
64336
64345
64351
64363
64371
64372
64373
64374
64395
64404
64405
64411
64419
64420
64422
64426
64434
64444
64448
64449
64458
64462
64472
64474
64476
64480
64481
64483
64489
64491
64500
64504
64526
64533
64534
64545
64546
64572
64573
64589
64590
64593
64594
64609
64612
64616
64619
64621
64623
64625
64634
64636
64647
64667
64671
64680
64694
64699
64709
64716
64727
64741
64742
64769
64777
64785
64786
64797
64808
64810
64811
64813
64822
64827
64830
64852
64853
64854
64865
64867
64873
64879
64893
64895
64897
64898
64899
64900
64911
64951
64955
64958
64960
64975
64982
64985
64996
65002
65005
65009
65010
65015
65016
65025
65031
65037
65040
65052
65056
65060
65070
65077
65084
65085
65086
65111
65118
65120
65128
65133
65135
65139
65140
65143
65149
65164
65184
65203
65214
65233
65234
65235
65242
65247
65255
65256
65285
65298
65299
65311
65326
65350
65355
65361
65366
65380
65400
65401
65402
65411
65413
65414
65423
65429
65439
65447
65448
65466
65474
65479
65483
65490
65494
65495
65502
65503
65505
65516
65517
65528
65536
65546
65551
65557
65565
65575
65579
65581
65587
65593
65595
65600
65604
65605
65607
65612
65614
65622
65639
65640
65647
65650
65659
65666
65685
65686
65692
65702
65707
65724
65725
65729
65742
65774
65776
65783
65797
65800
65813
65815
65817
65818
65833
65848
65855
65870
65879
65884
65885
65886
65890
65906
65917
65925
65929
65930
65942
65949
65954
65958
65959
65964
65973
65979
65983
65987
65994
65998
65999
66017
66019
66020
66024
66025
66036
66049
66053
66055
66071
66083
66085
66086
66101
66102
66115
66129
66137
66148
66149
66150
66156
66161
66175
66192
66197
66202
66203
66205
66219
66226
66228
66244
66281
66282
66284
66291
66310
66324
66327
66330
66335
66340
66344
66348
66354
66364
66372
66377
66383
66385
66391
66397
66420
66421
66426
66430
66437
66441
66442
66451
66453
66463
66468
66475
66485
66492
66495
66505
66512
66523
66533
66535
66540
66548
66569
66575
66599
66601
66603
66612
66618
66628
66631
66642
66643
66647
66653
66656
66668
66670
66671
66676
66678
66682
66685
66686
66687
66694
66695
66699
66708
66718
66743
66745
66750
66755
66770
66772
66792
66807
66811
66814
66820
66826
66827
66835
66840
66841
66844
66848
66856
66859
66860
66867
66870
66882
66890
66892
66904
66909
66920
66925
66926
66927
66930
66932
66934
66935
66941
66951
66982
66995
67009
67014
67023
67037
67041
67044
67052
67062
67065
67066
67067
67069
67074
67091
67096
67101
67110
67120
67122
67127
67135
67137
67140
67145
67155
67158
67161
67171
67174
67178
67181
67182
67183
67188
67189
67191
67196
67198
67199
67205
67207
67227
67240
67242
67251
67256
67261
67273
67279
67285
67294
67298
67306
67317
67319
67330
67334
67345
67353
67354
67357
67362
67365
67386
67408
67411
67412
67415
67425
67434
67451
67452
67455
67461
67466
67474
67482
67512
67515
67542
67546
67555
67556
67559
67560
67563
67570
67571
67586
67594
67600
67602
67625
67638
67640
67641
67642
67653
67654
67667
67670
67674
67675
67678
67684
67686
67699
67706
67707
67712
67718
67725
67727
67739
67749
67754
67756
67757
67763
67775
67794
67800
67811
67817
67820
67822
67824
67828
67836
67844
67846
67848
67864
67868
67883
67891
67895
67898
67907
67921
67930
67942
67947
67949
67950
67953
67955
67964
67972
67976
67977
67991
68002
68009
68018
68029
68030
68034
68045
68046
68059
68063
68064
68072
68083
68088
68105
68107
68110
68112
68114
68119
68122
68123
68142
68143
68145
68151
68153
68157
68168
68172
68194
68209
68215
68221
68223
68225
68229
68237
68242
68243
68247
68258
68259
68262
68266
68268
68272
68286
68304
68306
68312
68315
68319
68325
68327
68332
68335
68338
68342
68343
68346
68348
68353
68355
68357
68364
68365
68379
68424
68429
68431
68442
68453
68456
68461
68465
68470
68477
68488
68493
68508
68509
68512
68519
68520
68526
68535
68540
68558
68566
68569
68606
68608
68614
68617
68620
68630
68636
68638
68639
68647
68659
68671
68683
68692
68699
68718
68728
68732
68752
68761
68768
68771
68785
68797
68801
68819
68826
68832
68842
68848
68852
68853
68859
68866
68877
68883
68884
68885
68886
68887
68898
68917
68920
68926
68931
68934
68935
68939
68948
68949
68960
68968
68969
68972
68974
68976
68978
68982
68984
68987
68988
68993
68994
69002
69008
69013
69018
69024
69025
69035
69038
69043
69045
69046
69047
69048
69049
69056
69058
69060
69062
69065
69069
69071
69074
69082
69084
69086
69101
69108
69116
69132
69135
69137
69138
69146
69151
69161
69163
69165
69167
69168
69173
69178
69183
69184
69193
69200
69204
69215
69222
69236
69239
69241
69256
69266
69273
69292
69294
69295
69310
69318
69341
69350
69354
69357
69364
69368
69386
69387
69395
69396
69407
69408
69422
69441
69443
69444
69446
69449
69456
69471
69481
69482
69493
69495
69502
69507
69516
69530
69531
69534
69535
69536
69538
69543
69550
69562
69578
69581
69596
69599
69601
69604
69611
69612
69623
69628
69629
69640
69643
69645
69646
69658
69661
69679
69687
69689
69692
69697
69710
69719
69739
69747
69757
69766
69772
69785
69790
69793
69797
69808
69816
69819
69823
69835
69836
69840
69845
69850
69851
69853
69856
69857
69872
69873
69899
69909
69919
69948
69949
69967
69971
69973
69982
69987
69992
70024
70028
70031
70032
70036
70055
70066
70067
70069
70070
70071
70072
70081
70095
70096
70097
70098
70099
70112
70127
70133
70146
70149
70154
70156
70163
70176
70180
70181
70182
70192
70205
70215
70224
70225
70236
70243
70253
70257
70263
70264
70268
70269
70270
70276
70278
70293
70295
70312
70313
70316
70352
70357
70360
70363
70379
70394
70395
70410
70421
70444
70445
70447
70464
70471
70506
70511
70517
70519
70521
70523
70528
70532
70544
70545
70553
70557
70560
70561
70565
70570
70582
70584
70588
70593
70614
70616
70618
70629
70640
70648
70649
70662
70675
70676
70685
70686
70687
70692
70698
70705
70709
70711
70718
70724
70726
70730
70751
70757
70759
70763
70773
70781
70794
70811
70819
70820
70824
70829
70834
70835
70845
70859
70868
70876
70878
70882
70891
70895
70901
70902
70915
70916
70934
70945
70951
70955
70956
70957
70967
70968
70969
70970
70980
70990
71001
71004
71009
71010
71014
71021
71023
71025
71027
71034
71039
71043
71044
71058
71064
71065
71070
71074
71082
71085
71087
71097
71104
71108
71121
71131
71132
71138
71145
71149
71150
71152
71154
71155
71177
71191
71197
71198
71201
71204
71229
71233
71238
71240
71246
71248
71254
71260
71263
71277
71284
71289
71290
71292
71294
71297
71300
71308
71315
71317
71323
71327
71348
71352
71356
71357
71360
71371
71376
71378
71379
71388
71395
71400
71405
71406
71413
71422
71425
71431
71438
71445
71446
71447
71448
71457
71460
71477
71482
71487
71488
71492
71493
71503
71512
71517
71534
71540
71541
71559
71561
71562
71589
71591
71594
71615
71620
71624
71626
71636
71641
71646
71681
71711
71714
71718
71729
71733
71750
71756
71767
71770
71775
71781
71792
71796
71799
71800
71810
71822
71823
71827
71837
71844
71846
71853
71855
71863
71873
71876
71877
71880
71883
71896
71898
71899
71909
71929
71931
71932
71934
71941
71946
71947
71964
71966
71968
71972
71973
71975
71980
71981
71983
71985
71990
71998
72010
72017
72020
72035
72041
72044
72045
72049
72055
72059
72060
72064
72076
72079
72088
72090
72095
72111
72138
72143
72148
72149
72157
72170
72173
72180
72215
72222
72225
72243
72244
72247
72250
72256
72257
72266
72267
72271
72274
72277
72279
72299
72311
72313
72316
72320
72331
72346
72362
72378
72379
72383
72385
72393
72398
72403
72404
72409
72412
72415
72422
72428
72432
72442
72453
72460
72468
72469
72475
72486
72494
72497
72498
72501
72514
72522
72532
72533
72534
72535
72537
72545
72546
72547
72557
72566
72567
72570
72573
72577
72578
72579
72585
72595
72600
72601
72603
72608
72617
72629
72631
72646
72651
72652
72657
72662
72666
72685
72686
72690
72706
72709
72713
72714
72719
72729
72738
72741
72743
72747
72749
72761
72764
72770
72775
72785
72787
72790
72796
72798
72802
72815
72827
72864
72866
72872
72880
72893
72914
72917
72920
72922
72926
72935
72939
72941
72942
72951
72956
72958
72962
72963
72964
72966
72967
72970
72972
72981
72983
72988
72998
73002
73006
73014
73015
73021
73033
73048
73056
73067
73068
73075
73087
73092
73105
73112
73119
73126
73130
73131
73134
73141
73161
73175
73187
73190
73204
73209
73216
73224
73235
73244
73247
73248
73251
73254
73261
73265
73271
73282
73290
73297
73303
73307
73314
73318
73328
73335
73350
73351
73358
73363
73381
73387
73388
73408
73421
73438
73462
73464
73480
73489
73505
73507
73514
73517
73526
73530
73534
73544
73568
73569
73576
73581
73595
73609
73627
73628
73633
73635
73642
73648
73650
73652
73660
73666
73668
73669
73672
73687
73694
73701
73712
73718
73726
73741
73747
73749
73751
73760
73765
73768
73793
73805
73807
73831
73835
73852
73863
73881
73883
73888
73889
73898
73907
73908
73915
73930
73932
73938
73939
73946
73954
73962
73976
73978
73979
73988
73995
73996
74004
74008
74011
74012
74013
74015
74019
74022
74058
74060
74072
74088
74092
74096
74101
74102
74113
74123
74126
74128
74133
74141
74145
74151
74154
74162
74174
74177
74183
74191
74200
74204
74205
74206
74215
74226
74228
74233
74234
74238
74239
74242
74249
74250
74261
74269
74272
74277
74281
74286
74290
74294
74295
74304
74318
74332
74338
74342
74345
74348
74350
74358
74361
74371
74372
74373
74380
74383
74395
74413
74414
74429
74430
74444
74450
74452
74461
74462
74471
74480
74520
74527
74534
74537
74549
74551
74560
74561
74586
74591
74615
74616
74619
74647
74655
74680
74688
74690
74707
74711
74716
74725
74727
74728
74732
74739
74740
74741
74742
74783
74790
74791
74797
74800
74805
74810
74814
74822
74827
74828
74842
74851
74853
74854
74862
74870
74874
74875
74892
74897
74900
74907
74910
74911
74913
74914
74917
74923
74931
74934
74938
74943
74950
74956
74962
74981
74996
75005
75008
75009
75023
75028
75033
75047
75064
75072
75081
75085
75118
75143
75151
75159
75162
75170
75172
75177
75198
75200
75213
75217
75231
75238
75248
75256
75280
75283
75290
75300
75303
75305
75309
75328
75333
75335
75344
75347
75348
75366
75367
75368
75377
75383
75394
75396
75399
75407
75408
75418
75425
75440
75454
75459
75460
75466
75475
75480
75485
75488
75515
75525
75526
75533
75538
75539
75540
75552
75554
75563
75572
75574
75581
75587
75595
75601
75603
75611
75614
75622
75630
75635
75636
75638
75640
75641
75643
75644
75646
75648
75652
75654
75667
75669
75671
75676
75682
75689
75690
75698
75700
75706
75715
75720
75721
75731
75740
75749
75756
75757
75765
75770
75779
75782
75784
75786
75789
75790
75799
75807
75824
75834
75846
75847
75853
75856
75861
75868
75871
75875
75886
75890
75893
75896
75902
75908
75919
75922
75923
75926
75927
75931
75936
75950
75952
75954
75967
75970
75974
75975
75977
75978
75980
75982
75989
75994
76012
76013
76014
76017
76028
76034
76042
76048
76049
76079
76082
76083
76092
76097
76100
76103
76107
76112
76117
76121
76127
76129
76134
76139
76147
76156
76168
76178
76179
76180
76182
76197
76207
76241
76245
76253
76263
76267
76271
76276
76301
76309
76316
76337
76341
76349
76365
76373
76380
76390
76392
76393
76404
76431
76446
76447
76450
76452
76455
76461
76492
76500
76504
76523
76524
76525
76534
76548
76550
76551
76552
76570
76571
76583
76594
76597
76599
76600
76607
76610
76611
76615
76617
76618
76620
76625
76627
76630
76631
76638
76649
76650
76661
76662
76663
76667
76671
76682
76685
76692
76708
76712
76722
76724
76734
76739
76752
76755
76759
76772
76790
76794
76797
76800
76822
76838
76846
76854
76857
76861
76892
76894
76895
76898
76900
76905
76920
76925
76927
76932
76933
76944
76947
76953
76955
76959
76966
76970
76976
77001
77012
77016
77021
77030
77032
77033
77037
77042
77048
77053
77054
77056
77058
77066
77080
77094
77095
77105
77107
77108
77115
77120
77123
77155
77156
77168
77171
77172
77177
77192
77193
77201
77203
77204
77207
77213
77218
77221
77224
77225
77248
77249
77259
77261
77263
77276
77279
77281
77287
77302
77303
77307
77311
77313
77314
77327
77331
77332
77333
77338
77341
77348
77351
77356
77363
77365
77375
77379
77380
77381
77382
77387
77393
77394
77396
77397
77398
77405
77406
77410
77434
77437
77442
77451
77459
77461
77468
77475
77477
77480
77487
77494
77496
77499
77501
77505
77506
77515
77519
77520
77527
77552
77560
77578
77580
77582
77586
77587
77588
77595
77603
77604
77611
77614
77616
77639
77642
77650
77658
77674
77680
77685
77693
77697
77698
77700
77711
77727
77733
77734
77735
77737
77741
77746
77748
77756
77757
77759
77764
77765
77766
77769
77771
77784
77797
77808
77820
77825
77841
77850
77872
77873
77876
77886
77887
77888
77893
77897
77898
77900
77903
77913
77922
77925
77934
77936
77938
77949
77952
77961
77963
77971
77976
77980
77984
77992
77994
77996
77997
78008
78018
78020
78025
78034
78036
78038
78042
78045
78052
78053
78056
78058
78060
78071
78073
78087
78099
78104
78108
78115
78120
78123
78127
78129
78135
78138
78143
78154
78158
78162
78166
78175
78185
78199
78201
78207
78218
78220
78228
78238
78239
78248
78257
78266
78280
78281
78287
78296
78297
78309
78314
78333
78334
78340
78344
78351
78355
78364
78366
78390
78393
78395
78397
78400
78417
78422
78425
78434
78435
78442
78443
78444
78446
78460
78462
78465
78472
78482
78485
78494
78500
78505
78511
78514
78536
78537
78539
78543
78552
78554
78560
78565
78566
78573
78604
78606
78608
78610
78623
78624
78628
78639
78644
78647
78661
78676
78684
78685
78686
78690
78691
78708
78709
78711
78719
78721
78725
78743
78749
78755
78767
78780
78781
78794
78796
78799
78813
78821
78830
78831
78834
78843
78844
78849
78877
78894
78896
78900
78916
78923
78933
78935
78943
78948
78968
78977
78981
78987
78998
79001
79002
79004
79006
79022
79024
79028
79031
79032
79036
79041
79043
79053
79054
79055
79057
79059
79066
79073
79076
79079
79084
79102
79141
79160
79161
79163
79175
79193
79200
79206
79212
79213
79217
79220
79239
79247
79248
79253
79265
79268
79269
79273
79275
79277
79279
79283
79298
79305
79306
79310
79313
79317
79323
79326
79327
79343
79347
79352
79355
79364
79365
79371
79372
79383
79387
79388
79390
79394
79402
79405
79409
79416
79417
79421
79424
79429
79430
79433
79437
79438
79440
79445
79447
79450
79456
79468
79478
79499
79528
79532
79537
79555
79561
79562
79563
79574
79576
79583
79587
79597
79606
79607
79617
79618
79622
79627
79631
79643
79644
79654
79677
79709
79717
79737
79738
79747
79751
79764
79765
79767
79774
79783
79785
79790
79793
79799
79812
79815
79817
79820
79824
79825
79849
79853
79855
79856
79858
79865
79868
79873
79880
79883
79885
79887
79890
79910
79916
79922
79924
79926
79955
79957
79969
79974
79980
79981
79991
80003
80009
80015
80017
80022
80024
80034
80036
80044
80062
80068
80079
80081
80083
80088
80094
80095
80097
80098
80123
80127
80130
80131
80145
80148
80150
80154
80160
80163
80169
80181
80185
80216
80219
80224
80229
80230
80237
80242
80251
80258
80264
80269
80278
80281
80288
80296
80298
80305
80307
80308
80319
80350
80358
80362
80371
80372
80374
80375
80377
80390
80393
80395
80396
80397
80402
80420
80422
80425
80426
80428
80435
80440
80453
80455
80457
80478
80479
80480
80481
80482
80484
80488
80520
80544
80550
80551
80554
80556
80559
80566
80601
80609
80621
80622
80623
80630
80634
80637
80639
80647
80650
80657
80659
80664
80672
80676
80677
80682
80684
80697
80701
80708
80721
80732
80744
80760
80768
80773
80778
80807
80810
80813
80840
80858
80859
80860
80872
80875
80878
80879
80882
80884
80915
80918
80920
80921
80923
80928
80946
80951
80953
80954
80963
80966
80987
80994
80998
81000
81016
81018
81038
81043
81047
81058
81063
81064
81066
81067
81074
81081
81084
81093
81101
81109
81111
81132
81133
81154
81161
81171
81172
81175
81190
81191
81205
81207
81214
81219
81273
81280
81284
81285
81286
81292
81296
81297
81315
81320
81326
81331
81332
81333
81335
81337
81339
81344
81349
81365
81369
81372
81378
81386
81387
81388
81412
81413
81424
81436
81439
81446
81452
81458
81460
81463
81468
81470
81478
81479
81480
81486
81496
81503
81505
81516
81521
81531
81539
81540
81543
81549
81557
81565
81566
81575
81614
81623
81624
81630
81638
81643
81648
81656
81659
81676
81680
81691
81693
81696
81698
81700
81708
81711
81721
81728
81731
81734
81743
81747
81751
81759
81761
81763
81769
81776
81781
81788
81791
81807
81812
81815
81839
81850
81854
81855
81856
81859
81860
81862
81881
81883
81894
81899
81901
81914
81919
81924
81956
81957
81962
81964
81969
81974
81976
81983
81985
81991
81996
81997
81999
82005
82018
82027
82028
82032
82043
82049
82066
82067
82070
82077
82088
82095
82102
82105
82125
82133
82145
82147
82154
82159
82175
82185
82188
82196
82197
82201
82203
82204
82217
82220
82227
82237
82245
82257
82263
82266
82274
82278
82289
82301
82308
82310
82314
82318
82319
82322
82347
82352
82355
82364
82366
82378
82379
82381
82387
82405
82407
82412
82416
82418
82419
82426
82430
82432
82435
82437
82442
82444
82458
82462
82469
82476
82477
82481
82486
82494
82499
82510
82529
82533
82543
82548
82552
82554
82555
82560
82569
82572
82575
82585
82587
82590
82593
82597
82601
82602
82616
82637
82640
82666
82671
82673
82674
82679
82683
82693
82697
82699
82700
82708
82709
82715
82730
82734
82752
82759
82777
82784
82787
82794
82795
82817
82827
82842
82853
82857
82859
82861
82865
82866
82871
82882
82884
82889
82908
82915
82917
82918
82924
82934
82935
82946
82953
82954
82980
82985
82986
82987
82992
83005
83006
83012
83016
83017
83018
83032
83034
83046
83049
83050
83051
83053
83058
83093
83097
83101
83103
83111
83119
83122
83130
83131
83142
83144
83152
83161
83166
83167
83172
83175
83194
83217
83228
83230
83241
83245
83246
83249
83266
83271
83274
83279
83305
83308
83310
83312
83316
83318
83322
83333
83338
83347
83364
83369
83378
83406
83415
83440
83449
83453
83463
83472
83475
83480
83483
83486
83493
83494
83504
83513
83514
83535
83542
83544
83562
83563
83565
83593
83602
83615
83624
83630
83631
83634
83635
83659
83663
83664
83666
83673
83680
83681
83683
83690
83691
83693
83700
83703
83707
83712
83714
83716
83718
83719
83722
83723
83724
83731
83738
83747
83753
83758
83763
83764
83770
83779
83780
83793
83797
83798
83806
83811
83813
83815
83824
83832
83837
83839
83846
83854
83856
83860
83865
83866
83875
83895
83900
83903
83906
83910
83913
83919
83929
83952
83957
83959
83961
83966
83979
83984
83986
83993
83998
84005
84014
84018
84020
84045
84048
84075
84076
84077
84084
84087
84100
84106
84112
84120
84123
84128
84136
84153
84168
84170
84171
84175
84189
84207
84208
84217
84225
84233
84244
84253
84256
84263
84299
84304
84312
84318
84321
84333
84340
84355
84359
84368
84369
84373
84376
84393
84394
84407
84409
84424
84432
84439
84442
84444
84449
84457
84463
84465
84469
84470
84478
84483
84492
84503
84505
84506
84514
84519
84520
84538
84548
84554
84555
84556
84577
84582
84584
84588
84589
84591
84593
84596
84608
84613
84615
84623
84626
84638
84644
84648
84670
84676
84681
84682
84687
84688
84696
84699
84700
84715
84734
84741
84742
84743
84747
84748
84755
84763
84766
84778
84806
84823
84833
84837
84844
84862
84865
84889
84890
84891
84893
84908
84912
84947
84951
84969
84970
84988
85018
85024
85026
85027
85035
85041
85042
85044
85057
85061
85070
85071
85072
85076
85077
85082
85097
85099
85100
85102
85103
85121
85123
85149
85153
85154
85159
85162
85165
85166
85176
85186
85188
85192
85200
85202
85211
85213
85221
85223
85224
85237
85240
85241
85261
85262
85270
85271
85279
85292
85295
85305
85309
85335
85336
85337
85346
85357
85358
85360
85363
85374
85380
85386
85404
85406
85407
85410
85419
85426
85431
85454
85456
85459
85484
85504
85507
85512
85517
85520
85522
85534
85539
85541
85543
85545
85547
85552
85557
85562
85571
85576
85579
85588
85593
85605
85606
85609
85615
85630
85633
85637
85642
85646
85658
85662
85671
85675
85678
85683
85687
85688
85689
85695
85711
85713
85725
85728
85745
85748
85769
85770
85774
85781
85783
85794
85800
85813
85828
85832
85835
85840
85861
85863
85864
85865
85866
85868
85869
85873
85891
85892
85917
85933
85934
85937
85950
85951
85956
85963
85989
85991
85994
85995
86005
86006
86008
86011
86016
86029
86041
86047
86050
86064
86073
86077
86084
86087
86090
86133
86141
86146
86154
86178
86183
86188
86189
86195
86196
86197
86209
86214
86223
86227
86230
86240
86241
86256
86260
86261
86286
86293
86297
86299
86306
86315
86322
86325
86329
86331
86334
86340
86342
86344
86353
86368
86379
86381
86382
86392
86395
86398
86424
86430
86431
86457
86475
86479
86480
86484
86486
86493
86494
86496
86510
86518
86526
86531
86532
86541
86544
86549
86554
86558
86560
86566
86576
86577
86581
86607
86608
86612
86659
86670
86673
86677
86688
86693
86708
86718
86721
86723
86726
86728
86729
86735
86739
86741
86750
86754
86756
86760
86763
86764
86821
86831
86832
86842
86844
86855
86861
86866
86884
86890
86893
86899
86909
86911
86920
86931
86949
86955
86960
86963
86965
86977
86983
86986
86987
86990
87003
87018
87020
87029
87034
87050
87054
87058
87060
87070
87091
87096
87117
87119
87122
87123
87131
87133
87142
87143
87145
87153
87157
87164
87167
87175
87202
87207
87211
87216
87219
87223
87233
87237
87243
87244
87255
87258
87266
87267
87274
87277
87295
87298
87299
87327
87336
87339
87343
87348
87350
87354
87366
87367
87369
87370
87372
87373
87375
87380
87387
87391
87392
87395
87396
87400
87406
87415
87416
87427
87428
87442
87447
87458
87465
87470
87478
87487
87504
87516
87521
87526
87527
87529
87534
87535
87537
87539
87540
87546
87551
87558
87559
87570
87575
87585
87586
87590
87596
87601
87604
87606
87607
87622
87626
87627
87635
87637
87639
87642
87660
87663
87670
87672
87691
87693
87694
87705
87709
87713
87715
87728
87735
87743
87747
87748
87756
87764
87777
87778
87799
87802
87807
87808
87809
87824
87826
87834
87839
87840
87848
87854
87856
87857
87865
87868
87880
87898
87906
87915
87921
87934
87937
87955
87959
87961
87980
87989
87997
88011
88015
88023
88034
88040
88043
88046
88049
88056
88060
88067
88068
88075
88077
88085
88089
88092
88093
88097
88098
88103
88119
88130
88134
88137
88138
88142
88144
88145
88153
88157
88160
88162
88170
88171
88205
88212
88217
88229
88245
88246
88248
88273
88274
88276
88279
88283
88297
88305
88308
88311
88320
88321
88324
88328
88337
88353
88384
88394
88399
88411
88414
88418
88427
88428
88430
88432
88435
88439
88440
88445
88461
88462
88465
88474
88481
88490
88523
88525
88526
88529
88530
88535
88537
88540
88541
88542
88545
88554
88558
88572
88578
88585
88588
88592
88593
88607
88634
88642
88647
88648
88656
88660
88673
88685
88700
88711
88724
88730
88735
88761
88771
88777
88783
88785
88786
88800
88838
88856
88865
88876
88890
88891
88896
88901
88903
88917
88928
88945
88947
88951
88954
88956
88959
88960
88961
88967
88970
88979
88981
88996
89001
89024
89033
89046
89049
89053
89056
89061
89067
89068
89070
89072
89077
89079
89102
89103
89113
89121
89132
89134
89151
89170
89172
89175
89177
89181
89189
89202
89205
89217
89219
89226
89243
89250
89259
89262
89277
89283
89289
89291
89294
89296
89299
89300
89304
89305
89318
89326
89339
89340
89341
89346
89352
89361
89365
89375
89387
89395
89402
89414
89425
89435
89437
89438
89444
89448
89457
89477
89483
89494
89506
89528
89531
89538
89558
89559
89562
89569
89576
89583
89587
89589
89623
89627
89630
89632
89641
89649
89658
89660
89662
89667
89668
89685
89689
89696
89697
89707
89710
89717
89721
89725
89734
89735
89740
89745
89766
89769
89773
89774
89778
89783
89784
89786
89789
89790
89796
89804
89825
89839
89843
89847
89848
89850
89851
89861
89873
89884
89890
89893
89923
89929
89939
89945
89953
89959
89967
89971
89972
89973
89974
89977
89981
89987
89992
89993
89996
90000
90003
90014
90018
90019
90027
90030
90052
90055
90062
90063
90069
90072
90076
90084
90104
90111
90113
90116
90117
90120
90124
90141
90143
90157
90158
90168
90178
90185
90188
90192
90203
90204
90207
90209
90221
90237
90240
90246
90249
90252
90254
90258
90266
90279
90280
90288
90303
90305
90306
90307
90312
90316
90319
90339
90340
90341
90342
90354
90356
90366
90381
90398
90399
90403
90409
90414
90418
90421
90427
90434
90436
90437
90441
90445
90456
90457
90459
90477
90487
90488
90489
90491
90492
90493
90494
90497
90507
90516
90527
90539
90551
90555
90559
90569
90570
90584
90589
90591
90593
90598
90621
90624
90626
90638
90640
90641
90650
90651
90654
90657
90658
90666
90674
90693
90700
90710
90720
90726
90729
90736
90739
90788
90793
90794
90795
90804
90812
90816
90828
90829
90830
90831
90833
90841
90846
90854
90861
90867
90880
90888
90891
90901
90903
90904
90906
90908
90909
90914
90920
90927
90929
90943
90944
90948
90950
90961
90969
90971
90977
90983
90987
90990
90997
91004
91015
91018
91028
91031
91036
91057
91058
91059
91060
91066
91087
91100
91106
91110
91129
91132
91154
91157
91166
91172
91175
91200
91216
91218
91222
91223
91228
91231
91237
91241
91264
91281
91315
91316
91317
91349
91356
91360
91363
91365
91370
91373
91379
91380
91381
91385
91389
91391
91397
91399
91402
91407
91409
91424
91437
91439
91444
91456
91458
91459
91464
91470
91484
91486
91494
91495
91498
91516
91518
91528
91543
91544
91545
91563
91570
91576
91589
91596
91599
91621
91636
91638
91641
91647
91649
91650
91654
91664
91665
91671
91696
91698
91699
91701
91712
91717
91719
91724
91725
91738
91748
91749
91766
91770
91772
91777
91795
91797
91808
91817
91818
91825
91828
91831
91833
91836
91837
91842
91845
91846
91848
91869
91873
91874
91884
91891
91902
91907
91909
91915
91917
91922
91926
91933
91938
91951
91954
91955
91961
91969
91976
91978
91979
91988
91990
91991
91992
91994
92001
92005
92010
92020
92023
92039
92042
92045
92050
92052
92063
92067
92068
92082
92084
92099
92101
92106
92107
92108
92109
92118
92126
92133
92134
92137
92152
92153
92155
92159
92167
92169
92174
92178
92179
92180
92182
92185
92190
92196
92197
92207
92211
92216
92240
92247
92255
92258
92261
92264
92277
92284
92292
92296
92304
92307
92312
92340
92342
92345
92351
92356
92357
92359
92374
92379
92381
92382
92415
92423
92433
92440
92442
92443
92447
92449
92453
92454
92456
92457
92458
92481
92493
92506
92516
92522
92527
92569
92584
92587
92594
92597
92602
92614
92615
92624
92625
92631
92633
92634
92652
92655
92670
92683
92686
92694
92708
92711
92712
92719
92720
92749
92759
92787
92793
92794
92795
92799
92805
92815
92822
92831
92833
92850
92864
92871
92881
92886
92892
92897
92913
92916
92925
92932
92936
92939
92950
92952
92955
92960
92964
92979
92984
92986
92995
92996
93000
93006
93009
93014
93018
93025
93031
93054
93064
93069
93070
93072
93084
93089
93118
93128
93130
93138
93151
93152
93155
93159
93163
93167
93186
93188
93190
93194
93206
93218
93220
93221
93227
93241
93242
93252
93264
93265
93269
93272
93273
93278
93286
93287
93290
93293
93297
93307
93327
93332
93336
93343
93352
93368
93371
93378
93384
93391
93398
93410
93420
93427
93435
93437
93458
93469
93477
93483
93489
93494
93498
93499
93527
93533
93535
93538
93547
93548
93552
93560
93566
93569
93572
93576
93582
93584
93588
93590
93591
93597
93615
93622
93636
93637
93639
93641
93658
93659
93673
93677
93685
93697
93698
93702
93709
93722
93724
93725
93737
93764
93768
93770
93778
93779
93790
93792
93795
93798
93806
93809
93810
93818
93828
93834
93841
93849
93851
93854
93856
93861
93865
93866
93869
93878
93884
93888
93906
93910
93914
93917
93922
93927
93929
93933
93934
93937
93940
93943
93945
93956
93974
93975
93978
93980
93993
94018
94031
94032
94050
94062
94066
94069
94082
94090
94103
94107
94113
94116
94126
94128
94131
94133
94140
94144
94148
94165
94167
94170
94174
94179
94188
94219
94233
94240
94253
94260
94263
94269
94276
94283
94285
94287
94296
94297
94316
94317
94321
94323
94324
94331
94347
94348
94352
94353
94355
94357
94367
94370
94373
94399
94400
94417
94422
94428
94429
94451
94456
94465
94467
94470
94479
94486
94488
94492
94494
94497
94510
94514
94516
94519
94520
94531
94554
94568
94571
94575
94592
94593
94598
94603
94617
94629
94638
94645
94671
94676
94680
94687
94699
94703
94729
94739
94742
94743
94744
94758
94766
94768
94781
94783
94784
94793
94797
94801
94804
94806
94810
94814
94815
94834
94837
94840
94849
94858
94866
94872
94876
94888
94891
94904
94905
94915
94917
94922
94937
94938
94956
94959
94967
94976
94993
94995
94996
95014
95020
95022
95023
95026
95029
95030
95039
95043
95044
95048
95076
95080
95081
95083
95091
95097
95121
95132
95141
95149
95151
95158
95159
95169
95171
95184
95196
95217
95218
95220
95228
95231
95234
95256
95260
95263
95266
95278
95280
95282
95286
95294
95299
95300
95302
95303
95305
95312
95316
95325
95329
95332
95340
95341
95346
95351
95355
95358
95368
95374
95385
95396
95401
95404
95407
95411
95418
95428
95432
95434
95437
95438
95448
95457
95468
95472
95473
95484
95486
95501
95503
95505
95510
95522
95532
95545
95562
95563
95565
95568
95579
95584
95595
95599
95608
95611
95617
95620
95627
95638
95639
95640
95644
95651
95658
95661
95673
95676
95683
95685
95688
95693
95694
95716
95727
95734
95736
95737
95743
95745
95761
95786
95791
95802
95808
95823
95828
95843
95845
95847
95849
95850
95853
95861
95872
95879
95886
95891
95904
95908
95917
95927
95940
95953
95960
95966
95972
95973
95976
95983
95988
96006
96014
96021
96030
96032
96033
96041
96066
96069
96073
96074
96079
96089
96118
96121
96134
96157
96162
96175
96178
96183
96188
96192
96196
96206
96210
96216
96223
96233
96238
96243
96257
96260
96264
96266
96282
96301
96308
96311
96318
96319
96329
96335
96341
96343
96344
96345
96350
96352
96355
96369
96378
96434
96438
96445
96449
96451
96452
96464
96470
96476
96479
96490
96499
96504
96509
96512
96519
96523
96538
96541
96562
96566
96576
96581
96582
96583
96585
96586
96589
96595
96597
96609
96611
96613
96621
96628
96640
96650
96654
96664
96669
96673
96674
96678
96680
96684
96688
96696
96704
96706
96723
96746
96749
96763
96765
96782
96801
96807
96812
96827
96833
96835
96842
96851
96860
96878
96879
96882
96898
96901
96902
96908
96911
96915
96931
96932
96935
96938
96943
96945
96951
96953
96970
96973
96974
96979
96981
96983
96989
96991
97003
97006
97007
97014
97021
97028
97030
97035
97041
97050
97056
97063
97069
97075
97084
97088
97089
97095
97106
97108
97116
97118
97121
97124
97129
97133
97141
97154
97162
97167
97168
97169
97184
97186
97189
97196
97197
97199
97210
97214
97223
97229
97231
97233
97234
97235
97239
97245
97250
97253
97275
97277
97284
97289
97290
97305
97308
97310
97314
97326
97338
97342
97352
97359
97362
97383
97395
97418
97429
97432
97436
97449
97483
97486
97496
97498
97502
97507
97515
97518
97534
97545
97550
97553
97556
97557
97561
97568
97569
97575
97589
97590
97603
97619
97627
97635
97642
97646
97656
97659
97671
97680
97687
97690
97694
97705
97711
97720
97723
97724
97740
97741
97745
97746
97749
97750
97754
97759
97762
97764
97769
97776
97790
97796
97813
97814
97817
97818
97822
97825
97826
97832
97833
97834
97852
97880
97881
97883
97892
97895
97904
97905
97937
97939
97946
97960
97966
97973
97976
97982
97983
97994
98001
98004
98009
98016
98025
98027
98041
98045
98056
98057
98074
98077
98078
98079
98088
98093
98095
98102
98110
98113
98115
98120
98122
98125
98133
98134
98138
98142
98146
98150
98154
98159
98162
98166
98172
98177
98193
98210
98213
98216
98217
98221
98225
98233
98238
98247
98256
98258
98277
98297
98299
98301
98303
98311
98312
98314
98325
98327
98333
98334
98342
98385
98393
98407
98413
98418
98420
98424
98433
98445
98453
98457
98473
98484
98486
98496
98499
98501
98502
98511
98537
98538
98542
98557
98560
98569
98573
98574
98578
98583
98584
98590
98601
98606
98611
98621
98625
98627
98636
98640
98655
98658
98660
98661
98666
98671
98686
98687
98689
98696
98702
98704
98706
98713
98714
98733
98745
98753
98765
98770
98799
98800
98803
98804
98810
98811
98816
98817
98837
98842
98845
98865
98889
98902
98905
98912
98917
98924
98928
98933
98939
98942
98950
98952
98954
98960
98964
98971
98974
98977
98984
98988
98989
98991
98995
98996
99008
99011
99024
99031
99047
99048
99058
99061
99063
99066
99069
99074
99075
99077
99080
99085
99091
99097
99101
99113
99121
99132
99138
99140
99148
99150
99151
99156
99159
99160
99161
99169
99172
99178
99195
99199
99205
99213
99217
99221
99223
99224
99226
99230
99234
99239
99245
99253
99256
99257
99260
99274
99276
99282
99286
99307
99309
99312
99313
99320
99335
99337
99340
99346
99349
99353
99360
99365
99369
99379
99380
99385
99386
99389
99390
99393
99395
99397
99398
99401
99402
99415
99419
99420
99422
99428
99430
99438
99442
99449
99458
99471
99474
99495
99500
99501
99506
99527
99529
99534
99539
99543
99550
99553
99566
99576
99586
99598
99615
99635
99638
99658
99673
99677
99678
99685
99691
99694
99705
99708
99717
99737
99740
99741
99745
99749
99752
99757
99760
99771
99776
99784
99787
99788
99793
99823
99830
99833
99838
99849
99853
99865
99869
99871
99883
99904
99906
99910
99919
99924
99925
99926
99931
99937
99952
99955
99956
99965
99972
99973
