5
6
22
23
40
45
47
48
51
61
74
75
105
108
114
120
123
124
136
142
148
162
168
172
174
176
178
181
185
189
210
215
225
234
235
236
237
239
240
241
246
260
262
267
268
279
281
289
290
295
300
303
317
328
333
334
347
352
357
371
376
379
386
403
408
430
434
435
436
441
444
448
457
465
475
476
479
481
493
503
507
516
534
535
539
542
543
545
547
548
550
561
565
575
577
578
586
589
593
608
619
620
632
634
635
638
646
648
650
657
677
681
685
688
690
693
705
707
715
723
733
734
736
753
757
770
771
773
781
794
812
825
829
833
835
837
838
848
869
879
886
902
903
918
925
940
951
952
953
968
970
972
974
978
979
996
997
998
1013
1016
1018
1022
1031
1032
1046
1051
1053
1055
1057
1074
1078
1087
1099
1100
1103
1104
1106
1110
1116
1120
1122
1123
1126
1132
1133
1150
1151
1154
1163
1168
1171
1173
1179
1204
1207
1214
1221
1222
1226
1227
1229
1245
1253
1259
1265
1277
1278
1280
1283
1288
1290
1301
1316
1320
1336
1338
1339
1340
1347
1358
1359
1366
1367
1368
1370
1376
1380
1384
1391
1393
1396
1424
1435
1438
1446
1448
1449
1450
1451
1464
1466
1471
1477
1488
1494
1505
1520
1521
1523
1525
1543
1594
1596
1599
1606
1618
1622
1633
1637
1639
1646
1653
1655
1662
1674
1681
1685
1688
1691
1701
1705
1718
1729
1749
1765
1768
1777
1781
1782
1783
1806
1807
1808
1828
1849
1864
1868
1873
1881
1882
1887
1896
1910
1922
1928
1929
1932
1939
1941
1942
1947
1949
1972
1983
1987
1988
1990
1993
1994
1997
2003
2010
2011
2013
2024
2030
2031
2037
2039
2041
2063
2067
2071
2074
2076
2081
2098
2099
2103
2110
2111
2120
2121
2128
2139
2144
2146
2154
2155
2168
2182
2212
2234
2238
2240
2243
2244
2259
2260
2281
2283
2288
2291
2297
2304
2305
2311
2321
2335
2351
2353
2363
2373
2374
2375
2378
2385
2395
2398
2400
2413
2430
2437
2439
2451
2453
2456
2460
2461
2462
2463
2465
2478
2484
2498
2504
2514
2520
2529
2532
2534
2540
2546
2549
2554
2563
2564
2571
2577
2599
2600
2607
2625
2641
2643
2648
2664
2682
2708
2716
2718
2719
2739
2740
2744
2746
2749
2750
2772
2774
2777
2778
2785
2788
2789
2792
2815
2818
2823
2826
2837
2841
2847
2849
2851
2854
2864
2865
2871
2878
2883
2886
2888
2895
2901
2918
2926
2933
2936
2956
2957
2961
2979
2982
2987
2989
2995
3004
3008
3010
3014
3019
3022
3028
3039
3043
3046
3063
3069
3079
3082
3084
3092
3098
3103
3105
3113
3119
3142
3147
3169
3176
3192
3198
3208
3232
3248
3249
3252
3257
3259
3263
3270
3278
3283
3284
3298
3304
3305
3334
3356
3360
3373
3377
3384
3392
3394
3398
3410
3413
3416
3419
3430
3432
3440
3441
3447
3452
3463
3472
3473
3475
3490
3491
3499
3510
3511
3514
3518
3523
3524
3533
3535
3542
3563
3564
3567
3568
3569
3591
3597
3603
3606
3607
3609
3634
3635
3642
3650
3651
3653
3656
3667
3679
3687
3693
3694
3700
3703
3705
3734
3742
3748
3750
3751
3758
3768
3770
3771
3773
3778
3780
3781
3782
3784
3800
3801
3804
3820
3823
3824
3835
3843
3856
3869
3872
3886
3892
3900
3904
3906
3908
3909
3912
3914
3916
3930
3933
3952
3956
3960
3967
3968
3976
3977
4003
4005
4056
4061
4074
4079
4088
4090
4091
4117
4118
4119
4122
4130
4133
4153
4155
4160
4164
4194
4204
4206
4221
4232
4259
4271
4275
4277
4286
4287
4308
4317
4327
4330
4331
4336
4345
4348
4355
4357
4367
4378
4385
4386
4387
4392
4395
4410
4412
4419
4430
4432
4444
4452
4456
4463
4464
4485
4486
4488
4492
4494
4500
4505
4507
4508
4526
4537
4541
4547
4551
4558
4568
4572
4576
4591
4600
4601
4611
4612
4627
4628
4630
4638
4639
4652
4659
4661
4662
4666
4670
4679
4681
4682
4687
4694
4698
4704
4721
4722
4725
4726
4735
4738
4743
4753
4756
4805
4807
4809
4814
4820
4823
4826
4854
4859
4863
4881
4882
4890
4892
4898
4908
4914
4918
4922
4924
4927
4933
4946
4947
4954
4957
4967
4977
4998
5007
5014
5052
5062
5064
5067
5068
5069
5098
5109
5128
5150
5165
5166
5169
5170
5186
5190
5191
5197
5214
5217
5219
5220
5222
5223
5229
5232
5237
5249
5251
5260
5262
5266
5271
5276
5282
5293
5294
5298
5301
5312
5319
5331
5338
5345
5346
5349
5363
5370
5373
5387
5402
5408
5410
5415
5418
5423
5426
5429
5440
5453
5470
5471
5475
5479
5480
5482
5487
5489
5491
5492
5500
5506
5511
5513
5517
5518
5526
5530
5533
5534
5538
5542
5543
5550
5555
5566
5568
5569
5588
5591
5598
5609
5617
5624
5631
5634
5647
5648
5657
5668
5676
5679
5682
5683
5690
5698
5703
5708
5713
5732
5735
5738
5764
5766
5769
5773
5774
5775
5782
5790
5794
5808
5810
5811
5820
5825
5833
5843
5847
5849
5857
5864
5866
5872
5886
5893
5894
5897
5899
5900
5908
5920
5930
5938
5951
5955
5959
5965
5967
5972
5984
5988
5993
6008
6017
6027
6032
6037
6046
6048
6058
6066
6069
6083
6087
6095
6098
6101
6111
6112
6120
6128
6132
6133
6135
6140
6170
6175
6187
6201
6202
6210
6212
6213
6215
6216
6220
6230
6238
6239
6246
6249
6255
6274
6276
6288
6300
6306
6307
6310
6314
6317
6319
6320
6330
6333
6335
6340
6346
6347
6360
6369
6382
6387
6388
6408
6416
6429
6453
6457
6461
6468
6482
6484
6498
6506
6507
6517
6522
6537
6546
6559
6563
6582
6583
6585
6591
6602
6604
6624
6630
6637
6641
6642
6645
6648
6656
6658
6659
6661
6667
6674
6687
6689
6697
6698
6699
6704
6717
6720
6732
6736
6738
6756
6760
6761
6766
6773
6781
6792
6795
6807
6810
6812
6823
6826
6835
6854
6868
6871
6873
6877
6879
6880
6889
6895
6900
6910
6916
6919
6922
6923
6931
6938
6941
6942
6946
6951
6957
6968
6969
6984
6988
6997
6998
7001
7003
7010
7020
7022
7028
7033
7037
7038
7040
7045
7046
7064
7068
7069
7073
7075
7085
7103
7107
7114
7115
7125
7140
7146
7151
7152
7153
7155
7162
7165
7167
7177
7182
7184
7185
7195
7199
7200
7223
7228
7237
7240
7241
7261
7272
7286
7287
7294
7296
7301
7302
7306
7313
7325
7326
7334
7337
7339
7344
7345
7352
7370
7372
7396
7397
7401
7422
7424
7430
7436
7439
7441
7449
7452
7470
7484
7487
7504
7505
7508
7516
7526
7527
7529
7532
7536
7549
7553
7555
7564
7571
7572
7573
7575
7578
7579
7581
7585
7589
7592
7594
7596
7608
7611
7612
7613
7616
7624
7625
7627
7635
7642
7646
7655
7658
7681
7688
7694
7695
7697
7707
7718
7724
7730
7737
7745
7749
7752
7757
7762
7766
7775
7814
7823
7824
7826
7836
7839
7845
7848
7849
7856
7862
7863
7865
7868
7877
7888
7890
7900
7904
7915
7917
7924
7931
7936
7938
7948
7949
7955
7957
7962
7971
7976
7980
8000
8001
8003
8012
8016
8033
8040
8041
8054
8070
8081
8087
8093
8105
8106
8108
8115
8124
8125
8130
8132
8139
8147
8159
8161
8164
8169
8174
8177
8184
8187
8190
8194
8198
8207
8209
8217
8219
8223
8224
8227
8234
8243
8250
8252
8263
8270
8275
8304
8317
8325
8327
8340
8341
8360
8362
8366
8367
8370
8376
8388
8413
8423
8426
8451
8458
8462
8465
8468
8479
8489
8490
8493
8500
8508
8522
8541
8544
8549
8560
8562
8580
8581
8590
8600
8604
8613
8626
8629
8631
8636
8645
8646
8647
8649
8654
8664
8673
8683
8692
8698
8704
8706
8711
8714
8716
8718
8719
8723
8729
8742
8745
8761
8782
8789
8797
8801
8802
8804
8827
8832
8836
8841
8845
8851
8852
8866
8869
8873
8884
8895
8897
8903
8914
8915
8921
8922
8925
8937
8938
8941
8944
8962
8978
8981
8988
8990
8994
8996
9024
9034
9037
9048
9056
9058
9070
9073
9075
9080
9103
9110
9118
9120
9121
9128
9132
9151
9157
9158
9159
9162
9163
9167
9190
9204
9205
9211
9219
9230
9238
9242
9244
9266
9268
9274
9275
9277
9280
9286
9288
9298
9305
9306
9314
9328
9330
9338
9342
9346
9357
9358
9361
9364
9366
9373
9380
9386
9395
9396
9403
9406
9415
9426
9429
9433
9436
9467
9469
9474
9480
9482
9485
9502
9518
9520
9521
9533
9541
9542
9544
9547
9553
9554
9561
9562
9578
9586
9587
9595
9599
9630
9634
9645
9650
9660
9666
9672
9676
9677
9687
9690
9694
9700
9716
9721
9726
9729
9732
9735
9740
9752
9763
9767
9769
9773
9794
9800
9814
9836
9839
9849
9850
9853
9863
9868
9879
9882
9897
9904
9909
9916
9920
9927
9929
9950
9956
9960
9962
9965
9968
9991
10009
10012
10028
10033
10038
10039
10045
10054
10057
10060
10065
10069
10085
10092
10095
10107
10110
10114
10123
10128
10133
10161
10168
10180
10184
10188
10201
10207
10210
10211
10222
10232
10240
10242
10247
10256
10270
10274
10287
10290
10294
10297
10300
10308
10311
10316
10317
10318
10324
10325
10331
10333
10353
10356
10367
10368
10381
10382
10403
10404
10407
10420
10428
10435
10438
10448
10449
10450
10459
10463
10476
10479
10500
10501
10505
10511
10518
10528
10556
10557
10558
10563
10571
10584
10585
10592
10606
10610
10615
10630
10640
10644
10667
10672
10688
10691
10694
10710
10712
10714
10715
10719
10737
10740
10744
10745
10753
10764
10775
10783
10785
10788
10792
10801
10808
10810
10812
10817
10821
10823
10828
10829
10833
10836
10841
10846
10851
10853
10856
10862
10863
10877
10890
10892
10899
10901
10919
10926
10929
10930
10934
10940
10942
10943
10944
10949
10960
10985
10990
11001
11003
11007
11014
11017
11018
11019
11021
11023
11039
11052
11056
11057
11059
11065
11066
11073
11075
11079
11080
11090
11091
11096
11106
11107
11108
11113
11127
11135
11140
11155
11156
11157
11170
11179
11194
11200
11203
11221
11248
11250
11251
11256
11257
11260
11276
11286
11305
11306
11310
11317
11322
11337
11338
11339
11353
11358
11359
11368
11370
11376
11379
11392
11396
11406
11413
11416
11418
11423
11428
11431
11438
11439
11442
11447
11458
11463
11474
11476
11479
11484
11485
11494
11496
11502
11510
11512
11519
11520
11524
11525
11534
11546
11547
11559
11566
11567
11569
11576
11584
11594
11596
11604
11608
11614
11628
11629
11630
11634
11639
11642
11643
11644
11657
11665
11667
11681
11682
11684
11685
11686
11687
11688
11689
11690
11694
11699
11704
11712
11723
11727
11728
11735
11745
11755
11759
11763
11771
11778
11781
11785
11786
11792
11796
11802
11806
11807
11813
11822
11848
11857
11860
11863
11867
11868
11876
11896
11898
11903
11917
11933
11936
11956
11958
11964
11970
11971
11972
11974
11975
11980
11991
11995
11998
11999
12005
12009
12020
12021
12024
12028
12035
12037
12043
12046
12049
12050
12053
12059
12060
12071
12078
12086
12090
12097
12104
12107
12109
12120
12152
12157
12163
12173
12176
12189
12191
12195
12210
12215
12218
12219
12229
12230
12240
12250
12258
12260
12261
12264
12273
12281
12284
12288
12292
12293
12295
12298
12311
12316
12320
12327
12328
12336
12340
12341
12349
12350
12362
12366
12372
12378
12379
12383
12387
12392
12405
12410
12418
12431
12439
12456
12478
12482
12492
12506
12507
12508
12513
12518
12523
12537
12538
12560
12564
12566
12568
12571
12573
12574
12576
12578
12585
12588
12589
12590
12591
12609
12618
12624
12626
12633
12637
12644
12646
12650
12657
12662
12665
12672
12697
12698
12706
12720
12728
12741
12751
12764
12768
12771
12773
12776
12778
12781
12783
12784
12794
12796
12801
12802
12805
12809
12811
12819
12821
12823
12826
12828
12830
12831
12842
12843
12856
12861
12874
12876
12890
12896
12908
12913
12920
12921
12927
12934
12937
12939
12942
12951
12955
12958
12971
12977
12981
12992
12995
13001
13014
13023
13027
13034
13036
13037
13042
13050
13069
13070
13075
13082
13089
13093
13094
13098
13110
13125
13140
13143
13148
13152
13164
13171
13182
13183
13184
13186
13193
13194
13196
13199
13200
13205
13214
13219
13221
13235
13237
13240
13243
13254
13264
13287
13294
13300
13315
13318
13320
13321
13322
13326
13333
13337
13338
13345
13355
13359
13379
13385
13389
13390
13395
13406
13426
13435
13437
13438
13445
13452
13453
13457
13459
13462
13468
13482
13483
13484
13487
13499
13500
13526
13548
13558
13567
13569
13570
13571
13574
13581
13587
13593
13596
13614
13617
13618
13631
13648
13665
13679
13682
13690
13703
13707
13715
13730
13739
13741
13750
13751
13754
13756
13759
13768
13781
13790
13794
13795
13800
13818
13820
13824
13833
13834
13858
13862
13865
13870
13872
13877
13884
13885
13896
13916
13918
13922
13943
13965
13969
13981
13999
14020
14027
14034
14041
14046
14049
14086
14089
14091
14092
14101
14104
14111
14115
14122
14135
14140
14144
14154
14161
14177
14178
14179
14184
14187
14197
14200
14202
14209
14210
14215
14218
14226
14240
14243
14258
14270
14276
14280
14286
14302
14310
14329
14334
14343
14366
14372
14389
14403
14404
14406
14407
14409
14411
14420
14425
14433
14450
14461
14474
14481
14497
14498
14502
14514
14515
14523
14528
14538
14542
14546
14547
14548
14559
14570
14574
14575
14579
14587
14596
14598
14619
14622
14624
14626
14627
14634
14637
14658
14660
14663
14670
14673
14679
14682
14684
14694
14706
14709
14712
14714
14719
14744
14749
14754
14762
14767
14769
14770
14771
14772
14773
14775
14791
14793
14795
14822
14824
14826
14830
14831
14833
14839
14858
14861
14868
14875
14889
14906
14909
14914
14916
14924
14939
14942
14951
14953
14958
14969
14973
14986
14987
14990
15002
15003
15007
15013
15022
15025
15030
15034
15037
15041
15047
15052
15053
15054
15056
15059
15067
15081
15082
15092
15101
15103
15104
15107
15112
15133
15146
15157
15160
15172
15183
15185
15190
15194
15195
15197
15218
15222
15226
15233
15234
15251
15269
15278
15279
15281
15283
15290
15293
15294
15296
15297
15299
15310
15314
15318
15328
15338
15354
15358
15368
15381
15382
15387
15393
15399
15418
15420
15424
15432
15445
15450
15455
15459
15466
15474
15476
15480
15485
15490
15499
15506
15508
15515
15518
15524
15526
15530
15531
15534
15541
15542
15546
15558
15563
15568
15571
15575
15578
15587
15589
15594
15602
15603
15621
15623
15624
15628
15641
15644
15651
15653
15655
15657
15668
15670
15675
15679
15703
15707
15709
15710
15711
15713
15725
15741
15743
15753
15755
15757
15760
15770
15780
15788
15794
15796
15801
15817
15835
15838
15844
15848
15859
15860
15862
15865
15868
15881
15891
15898
15905
15911
15922
15928
15929
15945
15946
15947
15951
15953
15954
15955
15963
15994
15996
16002
16007
16021
16025
16034
16058
16059
16063
16071
16077
16091
16094
16097
16100
16107
16126
16148
16166
16171
16174
16175
16192
16200
16208
16225
16228
16232
16237
16245
16267
16276
16283
16284
16292
16315
16318
16332
16337
16349
16362
16364
16371
16384
16397
16403
16413
16423
16450
16451
16455
16459
16460
16465
16468
16500
16504
16505
16512
16521
16530
16556
16568
16569
16571
16573
16591
16594
16598
16600
16605
16610
16613
16625
16637
16642
16654
16662
16667
16678
16680
16682
16687
16703
16705
16729
16744
16758
16760
16761
16787
16795
16799
16812
16823
16825
16842
16858
16861
16869
16874
16876
16880
16882
16883
16889
16904
16906
16913
16944
16948
16969
16982
16989
17004
17018
17019
17029
17041
17043
17049
17071
17073
17088
17091
17098
17100
17101
17107
17108
17110
17116
17119
17129
17132
17134
17135
17141
17150
17152
17156
17162
17164
17179
17180
17189
17191
17204
17218
17231
17233
17234
17239
17240
17242
17256
17259
17267
17279
17284
17285
17289
17296
17304
17315
17338
17339
17342
17346
17352
17354
17356
17357
17374
17380
17381
17386
17388
17394
17401
17409
17415
17420
17426
17428
17431
17433
17438
17441
17444
17446
17453
17454
17458
17460
17475
17486
17490
17503
17506
17510
17512
17516
17521
17523
17530
17531
17548
17580
17586
17590
17611
17618
17624
17646
17647
17649
17650
17664
17665
17671
17676
17680
17682
17688
17696
17698
17702
17704
17708
17711
17723
17726
17742
17752
17753
17759
17763
17764
17780
17784
17808
17817
17823
17850
17864
17866
17870
17871
17875
17889
17894
17898
17904
17906
17911
17918
17919
17924
17927
17929
17941
17947
17957
17970
17974
17994
17998
18003
18007
18012
18016
18017
18021
18024
18040
18045
18046
18056
18057
18064
18067
18069
18071
18072
18088
18089
18098
18107
18111
18120
18122
18123
18136
18157
18174
18175
18192
18195
18205
18215
18229
18252
18253
18255
18259
18263
18266
18269
18272
18274
18277
18283
18290
18296
18301
18310
18320
18322
18329
18345
18348
18352
18355
18385
18397
18402
18403
18404
18410
18413
18439
18443
18444
18458
18459
18469
18483
18484
18486
18489
18504
18508
18527
18539
18542
18546
18561
18562
18570
18606
18623
18633
18642
18652
18653
18656
18658
18676
18684
18689
18706
18717
18720
18729
18738
18755
18758
18759
18765
18772
18778
18779
18782
18786
18787
18789
18807
18810
18817
18820
18821
18826
18828
18837
18842
18861
18865
18873
18879
18891
18893
18899
18900
18903
18914
18918
18920
18931
18941
18945
18951
18954
18960
18961
18971
18978
18986
18988
18990
19002
19011
19016
19018
19021
19038
19040
19041
19042
19047
19049
19051
19053
19060
19062
19065
19072
19081
19097
19108
19116
19135
19143
19146
19151
19163
19166
19171
19172
19182
19183
19189
19196
19200
19203
19206
19207
19217
19234
19239
19248
19252
19261
19270
19273
19274
19277
19281
19307
19311
19323
19327
19329
19331
19344
19346
19354
19360
19361
19369
19374
19376
19393
19394
19396
19430
19432
19436
19438
19439
19441
19444
19449
19452
19461
19464
19469
19475
19476
19485
19491
19504
19519
19528
19539
19542
19543
19561
19566
19568
19573
19581
19584
19593
19605
19617
19625
19628
19635
19648
19655
19688
19692
19694
19697
19705
19725
19726
19731
19734
19740
19741
19755
19761
19780
19792
19794
19797
19806
19810
19820
19826
19827
19828
19835
19841
19855
19867
19871
19877
19882
19887
19891
19894
19899
19904
19928
19934
19949
19952
19954
19963
19969
19971
19992
19996
20006
20015
20017
20018
20020
20037
20038
20039
20042
20050
20061
20067
20069
20075
20080
20081
20096
20105
20109
20115
20119
20131
20135
20142
20145
20146
20148
20151
20178
20180
20192
20194
20195
20202
20210
20219
20220
20226
20227
20228
20231
20233
20237
20241
20244
20246
20269
20293
20296
20298
20302
20304
20310
20311
20313
20317
20318
20322
20330
20335
20346
20353
20358
20369
20381
20383
20385
20386
20392
20399
20402
20410
20418
20420
20431
20442
20443
20457
20462
20473
20484
20486
20490
20492
20500
20514
20520
20536
20539
20547
20559
20561
20570
20594
20601
20602
20604
20611
20621
20633
20647
20653
20656
20658
20668
20678
20688
20699
20706
20708
20739
20741
20757
20760
20768
20781
20784
20786
20789
20793
20794
20811
20815
20816
20822
20832
20837
20839
20852
20861
20863
20870
20871
20872
20874
20876
20892
20897
20906
20911
20924
20937
20944
20946
20950
20951
20954
20962
20963
20968
20971
20977
20979
20995
21001
21012
21028
21039
21040
21043
21044
21058
21060
21069
21072
21077
21078
21087
21091
21099
21109
21110
21114
21116
21127
21137
21166
21170
21174
21175
21216
21233
21235
21239
21260
21271
21274
21281
21284
21287
21289
21293
21296
21301
21303
21308
21326
21332
21336
21345
21346
21348
21358
21359
21363
21366
21367
21376
21382
21386
21388
21394
21395
21397
21404
21405
21416
21422
21424
21426
21427
21449
21452
21453
21460
21462
21467
21469
21471
21473
21477
21478
21482
21488
21500
21502
21507
21511
21512
21514
21518
21526
21531
21548
21558
21601
21602
21604
21606
21609
21612
21631
21643
21673
21679
21695
21704
21718
21722
21723
21736
21741
21746
21758
21762
21768
21783
21784
21802
21809
21811
21817
21828
21840
21855
21863
21867
21870
21871
21872
21875
21889
21892
21898
21902
21904
21912
21921
21923
21927
21933
21936
21943
21950
21959
21961
21967
21972
21991
21998
22015
22027
22029
22030
22039
22043
22044
22050
22053
22054
22058
22061
22062
22069
22074
22085
22091
22092
22097
22112
22114
22115
22125
22136
22139
22145
22150
22166
22185
22190
22195
22198
22231
22234
22236
22237
22239
22246
22252
22261
22266
22269
22270
22271
22273
22274
22275
22291
22294
22306
22307
22315
22320
22332
22333
22343
22353
22355
22366
22368
22372
22376
22384
22389
22395
22398
22401
22408
22411
22413
22415
22418
22423
22438
22443
22444
22446
22454
22455
22461
22469
22477
22480
22485
22496
22503
22504
22508
22509
22514
22524
22525
22527
22529
22539
22545
22550
22563
22573
22588
22592
22594
22599
22607
22611
22612
22624
22626
22627
22628
22632
22637
22659
22662
22665
22668
22682
22693
22695
22704
22705
22732
22733
22735
22736
22742
22745
22750
22753
22761
22769
22770
22780
22788
22792
22799
22836
22845
22848
22876
22884
22896
22918
22924
22927
22931
22934
22938
22941
22942
22953
22966
22970
22971
22977
22988
22993
23025
23028
23034
23037
23045
23046
23048
23058
23081
23082
23086
23111
23112
23115
23116
23122
23133
23136
23148
23156
23168
23170
23171
23172
23178
23187
23188
23191
23193
23195
23197
23213
23214
23220
23230
23247
23259
23268
23293
23299
23311
23322
23329
23330
23336
23346
23351
23385
23394
23407
23413
23414
23421
23423
23431
23435
23438
23443
23445
23459
23463
23466
23483
23486
23491
23509
23521
23523
23532
23534
23542
23545
23549
23552
23553
23573
23576
23580
23586
23587
23598
23604
23619
23628
23638
23646
23648
23650
23653
23658
23659
23663
23675
23681
23694
23697
23698
23702
23716
23719
23720
23728
23730
23742
23745
23746
23767
23775
23778
23783
23784
23813
23816
23826
23837
23849
23864
23865
23867
23876
23896
23903
23914
23922
23924
23931
23939
23943
23944
23953
23956
23959
23960
23963
23969
23975
23978
23979
23980
23988
23990
23997
24000
24001
24015
24020
24041
24045
24046
24047
24052
24057
24060
24063
24081
24083
24086
24087
24090
24093
24098
24107
24108
24117
24125
24135
24137
24164
24166
24168
24176
24180
24181
24186
24190
24214
24226
24231
24234
24239
24241
24242
24259
24274
24286
24292
24295
24303
24310
24315
24319
24326
24327
24332
24336
24337
24340
24347
24356
24358
24359
24363
24372
24374
24379
24382
24385
24391
24398
24402
24408
24411
24412
24425
24429
24438
24441
24442
24446
24453
24459
24464
24479
24492
24495
24497
24501
24508
24511
24519
24524
24526
24533
24543
24552
24556
24566
24567
24580
24587
24590
24598
24607
24609
24610
24622
24626
24644
24647
24649
24652
24657
24658
24663
24692
24712
24713
24723
24729
24739
24751
24759
24760
24762
24774
24775
24778
24780
24789
24796
24798
24802
24805
24809
24817
24834
24846
24847
24855
24860
24862
24869
24873
24882
24893
24895
24906
24910
24914
24926
24938
24947
24948
24949
24956
24964
24966
24968
24970
24973
24982
24986
24987
25000
25010
25012
25013
25025
25045
25051
25056
25062
25079
25080
25087
25116
25122
25124
25132
25144
25149
25157
25165
25167
25170
25175
25182
25187
25189
25198
25205
25209
25220
25224
25233
25235
25237
25261
25269
25283
25304
25338
25340
25343
25344
25353
25356
25360
25373
25379
25384
25385
25395
25399
25416
25417
25418
25426
25430
25437
25441
25449
25451
25455
25459
25463
25467
25469
25472
25473
25476
25481
25482
25483
25486
25499
25511
25514
25516
25540
25541
25558
25561
25562
25572
25577
25587
25592
25594
25598
25610
25616
25617
25627
25633
25660
25668
25669
25676
25677
25678
25684
25700
25706
25707
25714
25716
25720
25740
25743
25752
25757
25762
25786
25791
25792
25795
25800
25805
25806
25809
25810
25814
25822
25823
25828
25830
25832
25842
25846
25850
25851
25853
25857
25858
25863
25865
25873
25878
25902
25904
25905
25920
25921
25923
25939
25946
25951
25953
25964
25965
25983
25988
25991
25994
25996
26010
26015
26023
26027
26045
26048
26051
26062
26071
26072
26091
26094
26106
26109
26117
26119
26122
26126
26128
26136
26139
26148
26150
26157
26160
26164
26171
26178
26186
26196
26202
26224
26229
26238
26241
26255
26256
26270
26275
26279
26285
26286
26296
26313
26327
26332
26333
26334
26347
26370
26372
26373
26379
26394
26401
26408
26413
26416
26426
26451
26455
26463
26466
26467
26492
26502
26507
26508
26509
26519
26521
26528
26538
26544
26550
26565
26574
26583
26584
26599
26602
26605
26608
26612
26616
26618
26623
26639
26660
26662
26666
26669
26681
26682
26683
26687
26688
26690
26692
26696
26698
26700
26701
26704
26705
26707
26717
26723
26727
26731
26732
26733
26736
26738
26741
26742
26744
26748
26750
26753
26774
26776
26785
26789
26790
26802
26804
26823
26839
26846
26849
26884
26885
26887
26889
26891
26899
26910
26911
26912
26913
26925
26928
26934
26936
26968
26990
26997
27008
27015
27024
27028
27031
27032
27034
27044
27045
27055
27062
27063
27066
27068
27079
27081
27083
27085
27093
27100
27114
27121
27128
27130
27134
27136
27139
27147
27152
27156
27157
27158
27180
27182
27186
27209
27214
27218
27224
27237
27247
27249
27254
27262
27265
27269
27273
27274
27286
27290
27292
27306
27310
27313
27330
27335
27341
27349
27374
27376
27388
27389
27397
27400
27410
27412
27413
27424
27426
27431
27434
27441
27447
27460
27474
27480
27486
27490
27492
27495
27505
27512
27514
27523
27533
27541
27544
27547
27553
27559
27561
27575
27577
27581
27586
27590
27601
27602
27603
27605
27606
27610
27612
27644
27647
27652
27663
27664
27666
27673
27675
27685
27692
27699
27701
27706
27707
27709
27716
27723
27733
27735
27736
27749
27756
27764
27766
27772
27777
27779
27780
27807
27808
27815
27816
27823
27829
27831
27832
27847
27850
27854
27858
27860
27861
27864
27868
27878
27881
27896
27901
27904
27905
27906
27914
27917
27919
27936
27961
27965
27966
27967
27978
27990
27992
27998
27999
28008
28013
28018
28021
28026
28030
28037
28040
28043
28059
28060
28068
28076
28079
28082
28087
28101
28110
28113
28121
28138
28144
28147
28153
28160
28175
28194
28195
28205
28209
28212
28213
28222
28229
28233
28241
28250
28254
28269
28276
28281
28285
28288
28307
28320
28325
28326
28327
28331
28335
28341
28349
28356
28378
28385
28403
28407
28409
28417
28418
28421
28425
28427
28446
28448
28451
28455
28459
28473
28477
28479
28484
28486
28488
28492
28498
28509
28512
28516
28530
28532
28543
28551
28553
28594
28600
28612
28630
28631
28639
28645
28653
28654
28655
28671
28680
28681
28682
28690
28699
28711
28719
28734
28735
28736
28743
28747
28748
28759
28772
28777
28779
28792
28801
28806
28811
28813
28827
28832
28847
28852
28853
28860
28874
28876
28879
28891
28913
28921
28927
28934
28936
28941
28955
28961
28967
28972
28985
28989
28995
29004
29006
29029
29035
29036
29040
29047
29055
29071
29072
29073
29079
29081
29084
29093
29095
29099
29113
29128
29139
29141
29142
29162
29166
29171
29177
29178
29190
29211
29214
29234
29237
29241
29246
29248
29257
29294
29297
29308
29309
29313
29319
29322
29333
29334
29358
29367
29370
29385
29388
29393
29399
29401
29405
29407
29415
29416
29420
29423
29425
29428
29438
29440
29441
29444
29451
29455
29458
29463
29470
29472
29489
29491
29508
29537
29540
29542
29543
29544
29552
29554
29561
29564
29566
29568
29572
29574
29577
29589
29597
29611
29623
29634
29636
29638
29647
29649
29650
29657
29660
29665
29672
29674
29678
29683
29688
29708
29711
29712
29715
29716
29721
29722
29728
29730
29739
29741
29747
29756
29758
29760
29775
29777
29778
29780
29781
29796
29803
29821
29826
29827
29848
29852
29854
29856
29870
29871
29874
29889
29901
29905
29913
29915
29928
29934
29943
29961
29962
29981
29999
30017
30018
30024
30045
30046
30062
30063
30065
30081
30083
30111
30113
30123
30133
30142
30145
30147
30149
30161
30162
30163
30168
30177
30180
30185
30187
30191
30192
30197
30200
30201
30205
30209
30219
30221
30224
30230
30241
30248
30254
30264
30277
30285
30308
30309
30312
30315
30316
30317
30318
30323
30340
30344
30347
30352
30358
30368
30370
30384
30388
30403
30408
30431
30440
30459
30460
30461
30478
30489
30491
30503
30518
30521
30522
30524
30525
30526
30532
30533
30543
30547
30551
30558
30564
30566
30571
30572
30589
30597
30611
30615
30623
30627
30632
30642
30666
30678
30687
30701
30720
30724
30731
30740
30743
30751
30753
30772
30779
30786
30788
30794
30821
30836
30852
30853
30854
30858
30881
30887
30888
30890
30895
30899
30901
30902
30904
30908
30910
30919
30921
30922
30926
30927
30929
30937
30938
30941
30950
30956
30965
30995
30999
31002
31005
31008
31009
31011
31018
31028
31033
31037
31038
31050
31054
31069
31078
31089
31098
31106
31108
31124
31125
31129
31130
31139
31140
31149
31151
31156
31158
31161
31162
31165
31166
31172
31176
31202
31203
31213
31215
31229
31236
31245
31279
31291
31295
31315
31322
31337
31338
31352
31359
31362
31378
31393
31404
31413
31418
31422
31425
31429
31436
31446
31447
31460
31461
31466
31471
31477
31480
31487
31497
31504
31505
31507
31509
31512
31514
31518
31524
31528
31536
31537
31538
31547
31551
31555
31556
31558
31560
31563
31564
31567
31580
31596
31600
31607
31610
31611
31637
31638
31639
31658
31660
31666
31669
31679
31683
31692
31699
31705
31706
31709
31710
31714
31724
31729
31740
31745
31757
31762
31779
31780
31784
31785
31795
31799
31801
31808
31811
31812
31840
31853
31870
31899
31911
31912
31917
31918
31919
31935
31939
31945
31956
31957
31959
31967
31970
31980
31982
31986
31992
31995
32012
32014
32016
32019
32037
32041
32042
32066
32069
32071
32073
32081
32082
32085
32090
32115
32123
32125
32130
32131
32138
32140
32146
32147
32148
32156
32163
32171
32184
32195
32198
32199
32202
32203
32204
32206
32210
32222
32225
32238
32241
32260
32270
32275
32278
32284
32286
32290
32292
32296
32311
32319
32334
32356
32358
32359
32371
32372
32392
32401
32402
32414
32420
32422
32423
32429
32453
32455
32468
32493
32495
32497
32499
32503
32511
32512
32515
32538
32546
32548
32549
32554
32557
32569
32578
32582
32595
32600
32601
32603
32605
32608
32609
32613
32615
32628
32634
32639
32640
32642
32653
32657
32663
32674
32684
32687
32692
32701
32716
32718
32722
32725
32733
32735
32736
32742
32765
32774
32802
32804
32813
32822
32825
32828
32832
32854
32868
32869
32871
32891
32894
32901
32906
32909
32910
32912
32917
32925
32927
32929
32935
32942
32946
32958
32964
32965
32970
32971
32976
32979
32980
32983
32985
32988
32991
33030
33033
33044
33045
33048
33056
33064
33065
33066
33069
33072
33082
33094
33095
33108
33116
33119
33120
33132
33135
33156
33159
33163
33168
33170
33179
33186
33190
33200
33223
33226
33235
33236
33256
33265
33266
33267
33273
33274
33279
33282
33285
33286
33291
33292
33298
33311
33317
33321
33328
33334
33339
33342
33343
33358
33359
33362
33364
33365
33371
33373
33388
33401
33402
33404
33413
33416
33430
33438
33441
33447
33448
33455
33467
33478
33485
33487
33490
33492
33503
33505
33515
33527
33531
33533
33535
33544
33547
33556
33560
33561
33578
33590
33596
33604
33605
33619
33625
33630
33647
33649
33675
33678
33680
33681
33684
33687
33691
33698
33704
33707
33708
33710
33713
33718
33722
33726
33728
33730
33736
33741
33761
33762
33763
33772
33776
33778
33781
33786
33788
33800
33806
33812
33830
33866
33870
33871
33874
33879
33882
33891
33895
33924
33929
33930
33934
33936
33939
33942
33976
33977
33993
34007
34024
34026
34037
34038
34044
34045
34067
34071
34080
34090
34094
34097
34101
34103
34105
34108
34113
34114
34116
34117
34130
34138
34167
34168
34172
34173
34178
34197
34200
34201
34202
34203
34205
34207
34209
34212
34213
34218
34223
34235
34238
34243
34246
34251
34268
34274
34280
34282
34289
34292
34295
34303
34311
34315
34316
34324
34337
34341
34344
34354
34359
34376
34381
34386
34389
34406
34420
34422
34429
34444
34445
34451
34455
34457
34458
34463
34477
34482
34484
34504
34506
34513
34518
34520
34528
34532
34540
34543
34570
34575
34581
34582
34585
34595
34601
34602
34605
34609
34614
34617
34621
34628
34632
34636
34643
34647
34652
34659
34661
34662
34666
34669
34673
34689
34692
34724
34725
34752
34762
34765
34767
34768
34779
34780
34781
34787
34800
34808
34814
34815
34816
34838
34839
34842
34868
34876
34886
34905
34919
34922
34937
34945
34946
34947
34948
34970
34982
34985
34988
34995
34999
35003
35008
35013
35014
35020
35039
35047
35050
35058
35061
35068
35074
35075
35078
35081
35082
35092
35093
35099
35100
35104
35106
35109
35115
35121
35123
35140
35146
35149
35150
35151
35152
35157
35175
35176
35183
35190
35194
35201
35204
35210
35218
35225
35242
35255
35257
35282
35284
35297
35305
35328
35330
35340
35342
35348
35353
35358
35360
35365
35378
35394
35395
35398
35406
35407
35408
35410
35415
35421
35423
35424
35425
35431
35433
35436
35441
35449
35455
35461
35470
35471
35473
35488
35497
35513
35520
35527
35532
35535
35543
35544
35560
35562
35564
35573
35576
35578
35580
35595
35599
35615
35630
35636
35640
35654
35655
35657
35665
35666
35679
35692
35694
35700
35716
35718
35726
35727
35733
35748
35755
35761
35764
35765
35770
35781
35789
35793
35794
35796
35797
35805
35815
35817
35820
35829
35831
35849
35850
35855
35868
35869
35871
35884
35899
35901
35902
35907
35911
35915
35927
35940
35941
35942
35950
35969
35981
35984
35990
36000
36003
36013
36016
36024
36030
36044
36057
36066
36070
36071
36072
36092
36096
36116
36129
36131
36139
36154
36157
36164
36170
36181
36183
36190
36191
36193
36195
36197
36199
36201
36205
36214
36215
36243
36247
36249
36257
36259
36271
36273
36274
36277
36307
36309
36314
36321
36351
36353
36365
36366
36367
36400
36403
36405
36414
36418
36422
36427
36432
36454
36458
36465
36492
36494
36496
36506
36528
36533
36537
36540
36544
36553
36557
36559
36570
36579
36584
36594
36597
36598
36602
36604
36617
36629
36635
36636
36644
36653
36654
36663
36672
36675
36681
36685
36686
36693
36694
36697
36701
36715
36718
36724
36732
36735
36742
36750
36758
36769
36770
36772
36781
36788
36792
36798
36801
36813
36814
36820
36825
36829
36837
36845
36854
36855
36856
36858
36862
36864
36865
36875
36885
36908
36914
36917
36921
36926
36936
36967
36978
36981
36985
37018
37024
37027
37032
37036
37043
37048
37058
37068
37072
37074
37077
37114
37116
37128
37136
37144
37163
37170
37174
37203
37205
37210
37214
37215
37218
37219
37220
37226
37227
37231
37243
37245
37259
37271
37274
37275
37281
37288
37295
37303
37305
37326
37329
37340
37343
37347
37348
37352
37353
37354
37357
37359
37360
37365
37366
37368
37369
37375
37393
37411
37412
37414
37429
37434
37443
37451
37452
37454
37456
37461
37467
37474
37476
37480
37486
37490
37497
37505
37516
37517
37522
37531
37533
37543
37544
37548
37554
37556
37564
37592
37595
37598
37619
37623
37637
37642
37644
37646
37655
37664
37674
37675
37683
37694
37696
37697
37706
37709
37717
37724
37725
37727
37735
37736
37742
37750
37752
37754
37761
37773
37784
37786
37788
37796
37804
37807
37816
37826
37827
37830
37840
37848
37851
37853
37869
37877
37885
37889
37890
37899
37902
37904
37907
37914
37924
37936
37949
37954
37956
37965
37966
37985
37987
37988
37995
37998
38003
38010
38019
38028
38030
38040
38045
38070
38080
38096
38102
38105
38118
38132
38134
38139
38144
38152
38158
38167
38181
38191
38193
38194
38217
38219
38226
38240
38245
38258
38260
38262
38304
38311
38318
38319
38333
38336
38342
38344
38345
38346
38347
38360
38364
38368
38382
38387
38388
38393
38404
38407
38412
38423
38424
38428
38430
38431
38435
38448
38457
38460
38463
38464
38467
38468
38493
38495
38496
38497
38510
38513
38520
38526
38532
38534
38541
38549
38574
38579
38581
38590
38602
38606
38608
38619
38620
38624
38628
38639
38646
38648
38651
38657
38673
38686
38689
38694
38695
38701
38712
38713
38717
38727
38729
38730
38731
38762
38764
38808
38815
38819
38831
38840
38842
38851
38852
38855
38870
38873
38874
38878
38880
38884
38885
38889
38892
38899
38905
38906
38909
38912
38919
38925
38926
38927
38929
38930
38932
38943
38946
38948
38952
38953
38960
38965
38972
38980
38982
38988
38991
38992
39002
39013
39025
39028
39038
39044
39049
39076
39077
39084
39087
39095
39098
39104
39105
39106
39116
39121
39123
39126
39130
39143
39147
39158
39171
39175
39180
39181
39182
39191
39193
39196
39198
39202
39215
39216
39222
39223
39224
39231
39233
39234
39238
39241
39247
39249
39256
39275
39284
39286
39295
39296
39304
39312
39320
39322
39353
39358
39360
39373
39374
39392
39399
39404
39422
39428
39435
39443
39446
39448
39449
39472
39474
39496
39522
39526
39539
39543
39545
39548
39556
39566
39569
39573
39574
39578
39579
39580
39588
39593
39598
39602
39623
39641
39644
39646
39654
39666
39670
39694
39701
39708
39713
39721
39730
39734
39741
39742
39753
39760
39761
39762
39781
39793
39795
39804
39806
39820
39828
39846
39848
39852
39853
39862
39865
39873
39885
39889
39891
39892
39907
39912
39914
39921
39936
39943
39944
39946
39954
39967
39972
39976
39978
39980
39984
39996
40007
40015
40016
40031
40041
40042
40049
40052
40060
40074
40077
40085
40087
40102
40121
40128
40129
40132
40134
40136
40155
40157
40158
40162
40163
40165
40170
40181
40188
40191
40197
40202
40211
40213
40215
40226
40230
40233
40234
40239
40251
40252
40253
40254
40274
40276
40284
40296
40319
40324
40336
40338
40355
40367
40379
40398
40402
40404
40410
40413
40434
40437
40448
40457
40459
40466
40478
40485
40489
40490
40495
40510
40524
40538
40541
40542
40545
40548
40553
40556
40565
40569
40603
40623
40625
40628
40631
40636
40643
40657
40671
40691
40699
40700
40709
40711
40712
40714
40715
40719
40726
40733
40740
40744
40754
40755
40759
40773
40774
40775
40780
40783
40790
40791
40794
40804
40808
40809
40810
40812
40813
40814
40824
40826
40829
40834
40845
40846
40856
40875
40876
40881
40884
40885
40887
40896
40909
40911
40923
40929
40932
40951
40952
40955
40960
40975
40980
40985
41010
41024
41026
41044
41052
41056
41057
41058
41062
41064
41067
41068
41077
41080
41081
41088
41090
41095
41107
41127
41128
41137
41141
41142
41152
41155
41163
41171
41192
41196
41201
41203
41206
41209
41210
41227
41233
41240
41241
41242
41243
41275
41277
41279
41280
41285
41288
41298
41299
41309
41311
41313
41321
41322
41325
41326
41336
41357
41363
41372
41379
41396
41397
41399
41403
41407
41409
41426
41435
41436
41437
41446
41447
41458
41463
41466
41489
41497
41503
41505
41509
41510
41518
41529
41530
41545
41548
41549
41550
41560
41561
41564
41576
41581
41584
41589
41596
41603
41606
41607
41625
41630
41637
41639
41647
41648
41660
41664
41665
41668
41688
41690
41693
41708
41712
41713
41716
41731
41732
41738
41740
41744
41745
41765
41766
41767
41775
41783
41804
41814
41816
41817
41820
41857
41860
41867
41881
41898
41903
41908
41911
41922
41924
41929
41931
41934
41940
41948
41953
41955
41962
41966
41976
41984
41992
41996
41998
42027
42054
42060
42087
42105
42109
42137
42138
42141
42146
42150
42153
42163
42169
42176
42186
42203
42207
42208
42222
42241
42253
42254
42257
42266
42267
42271
42272
42284
42287
42295
42296
42311
42313
42315
42331
42332
42333
42334
42335
42337
42338
42345
42352
42358
42363
42366
42380
42384
42400
42401
42405
42406
42415
42423
42425
42430
42431
42432
42440
42442
42459
42479
42506
42516
42521
42534
42558
42559
42567
42568
42570
42574
42575
42576
42577
42578
42593
42601
42613
42615
42629
42645
42647
42661
42674
42682
42687
42689
42701
42702
42705
42706
42710
42711
42713
42723
42725
42736
42737
42748
42752
42756
42759
42764
42769
42772
42773
42791
42794
42799
42803
42826
42830
42833
42834
42839
42842
42846
42850
42851
42857
42860
42870
42874
42879
42882
42883
42886
42892
42913
42919
42923
42931
42936
42937
42944
42946
42955
42957
42963
42967
42977
42985
42989
42992
42994
43003
43026
43030
43047
43049
43055
43068
43069
43070
43075
43077
43096
43102
43107
43126
43138
43140
43141
43146
43149
43150
43156
43157
43159
43165
43169
43171
43172
43180
43187
43188
43203
43206
43210
43224
43226
43235
43240
43248
43252
43270
43283
43284
43286
43296
43302
43303
43304
43305
43309
43312
43315
43335
43336
43339
43341
43352
43377
43388
43392
43398
43402
43405
43413
43422
43424
43425
43440
43442
43455
43456
43457
43476
43478
43480
43498
43510
43512
43515
43517
43519
43521
43530
43548
43557
43570
43572
43575
43580
43582
43588
43595
43596
43597
43599
43602
43606
43608
43610
43613
43631
43636
43651
43662
43663
43672
43675
43682
43685
43689
43696
43707
43715
43727
43730
43731
43732
43739
43740
43761
43762
43782
43783
43789
43790
43811
43816
43825
43831
43832
43835
43841
43847
43858
43862
43865
43866
43867
43884
43885
43892
43893
43895
43912
43914
43933
43944
43946
43961
43964
43998
43999
44005
44013
44015
44019
44023
44031
44034
44037
44044
44047
44053
44072
44083
44087
44090
44098
44099
44105
44106
44119
44127
44133
44145
44146
44159
44160
44161
44162
44168
44176
44186
44189
44220
44235
44248
44249
44250
44254
44283
44290
44297
44315
44318
44326
44332
44334
44353
44368
44375
44385
44397
44405
44406
44423
44430
44432
44449
44452
44467
44469
44473
44475
44482
44496
44504
44505
44508
44511
44513
44522
44528
44531
44537
44548
44549
44550
44552
44566
44567
44577
44583
44601
44605
44619
44622
44624
44634
44639
44650
44654
44655
44658
44659
44676
44690
44691
44697
44698
44702
44706
44707
44711
44726
44731
44732
44736
44741
44752
44753
44754
44755
44756
44770
44779
44783
44794
44802
44804
44811
44816
44821
44831
44835
44840
44854
44859
44861
44867
44871
44876
44881
44883
44897
44900
44905
44916
44929
44934
44944
44971
44982
44988
44997
45005
45010
45012
45015
45016
45019
45021
45025
45027
45046
45049
45059
45062
45064
45069
45076
45079
45087
45093
45097
45102
45116
45117
45122
45123
45124
45128
45133
45134
45135
45143
45148
45159
45162
45164
45176
45189
45191
45203
45204
45213
45225
45233
45239
45267
45270
45284
45288
45289
45301
45315
45317
45329
45332
45333
45339
45344
45348
45350
45353
45356
45362
45365
45379
45382
45386
45391
45418
45420
45428
45452
45453
45463
45467
45470
45474
45484
45492
45506
45523
45526
45533
45544
45545
45560
45569
45570
45596
45603
45604
45605
45611
45635
45648
45649
45656
45667
45669
45681
45686
45691
45702
45711
45715
45717
45720
45724
45729
45738
45742
45749
45754
45762
45764
45769
45777
45783
45790
45800
45802
45808
45825
45830
45836
45840
45842
45867
45871
45877
45888
45897
45901
45908
45916
45923
45937
45948
45952
45956
45958
45966
45981
45982
45985
45991
46023
46030
46032
46035
46052
46059
46064
46090
46093
46095
46100
46106
46108
46117
46122
46123
46135
46138
46143
46152
46153
46166
46167
46173
46177
46180
46185
46207
46208
46219
46229
46230
46232
46237
46245
46252
46253
46263
46264
46274
46282
46284
46302
46306
46316
46333
46345
46351
46363
46367
46370
46375
46377
46390
46395
46396
46397
46402
46403
46406
46411
46420
46423
46424
46437
46443
46446
46448
46459
46464
46466
46467
46475
46482
46485
46497
46503
46504
46517
46527
46528
46537
46538
46542
46560
46570
46574
46589
46590
46595
46612
46621
46623
46636
46640
46642
46644
46655
46663
46664
46666
46669
46700
46701
46717
46732
46739
46740
46746
46749
46752
46755
46756
46759
46775
46778
46788
46804
46806
46807
46813
46824
46825
46831
46844
46849
46860
46867
46874
46879
46884
46887
46891
46892
46893
46898
46901
46906
46929
46935
46959
46965
46967
46969
46970
46988
46994
46998
47002
47009
47012
47013
47027
47039
47057
47061
47066
47096
47098
47099
47104
47106
47107
47111
47132
47140
47142
47143
47144
47148
47149
47156
47164
47166
47170
47179
47184
47192
47211
47214
47224
47231
47233
47236
47237
47243
47247
47264
47268
47271
47280
47304
47306
47309
47314
47316
47331
47339
47342
47363
47365
47379
47388
47389
47396
47400
47402
47404
47414
47415
47424
47434
47443
47444
47473
47480
47496
47505
47510
47511
47515
47524
47556
47580
47595
47599
47603
47604
47609
47614
47639
47642
47650
47654
47667
47673
47675
47676
47677
47685
47690
47703
47708
47709
47718
47720
47723
47727
47729
47730
47735
47739
47746
47747
47748
47752
47763
47781
47785
47820
47821
47837
47838
47843
47849
47851
47853
47855
47859
47865
47875
47880
47895
47896
47900
47903
47915
47920
47921
47922
47940
47946
47960
47965
47972
47979
47986
47991
47997
48002
48023
48028
48037
48038
48042
48043
48053
48056
48064
48065
48071
48086
48088
48093
48099
48104
48119
48120
48124
48129
48132
48139
48152
48158
48159
48166
48169
48178
48181
48197
48210
48212
48218
48222
48238
48244
48245
48269
48270
48287
48289
48301
48306
48307
48317
48335
48349
48351
48359
48375
48393
48400
48405
48412
48432
48435
48445
48464
48467
48468
48469
48471
48479
48484
48487
48493
48494
48515
48518
48520
48544
48547
48550
48560
48562
48564
48565
48568
48569
48578
48591
48594
48605
48621
48626
48630
48638
48646
48651
48661
48664
48665
48669
48670
48678
48683
48689
48707
48715
48719
48727
48729
48739
48746
48748
48782
48790
48794
48797
48804
48815
48816
48817
48824
48834
48835
48838
48855
48866
48870
48886
48895
48897
48899
48900
48903
48922
48933
48941
48948
48949
48960
48964
48972
48976
48978
48980
48989
48990
49006
49007
49008
49018
49020
49029
49030
49038
49041
49051
49063
49074
49093
49094
49097
49101
49118
49123
49124
49127
49130
49141
49144
49149
49161
49173
49175
49179
49180
49183
49199
49201
49207
49209
49222
49228
49230
49234
49237
49239
49241
49255
49265
49274
49278
49279
49280
49283
49284
49285
49291
49299
49302
49306
49316
49323
49324
49326
49338
49347
49354
49356
49365
49380
49383
49385
49386
49396
49401
49404
49408
49411
49416
49424
49431
49441
49460
49466
49470
49479
49500
49501
49502
49513
49526
49530
49531
49532
49542
49560
49567
49580
49582
49584
49590
49597
49600
49602
49606
49615
49622
49628
49641
49656
49665
49680
49694
49710
49714
49720
49722
49723
49725
49744
49745
49762
49775
49776
49784
49792
49797
49808
49815
49823
49842
49846
49851
49858
49859
49866
49869
49870
49878
49882
49886
49891
49893
49895
49909
49929
49932
49942
49973
49978
49986
49994
50002
50011
50024
50027
50032
50039
50041
50042
50044
50056
50059
50060
50064
50074
50111
50115
50117
50119
50121
50130
50147
50168
50169
50181
50189
50191
50203
50207
50224
50236
50243
50256
50269
50273
50276
50277
50283
50286
50297
50298
50306
50309
50316
50320
50330
50333
50367
50374
50382
50393
50407
50411
50412
50419
50430
50432
50435
50441
50456
50460
50470
50471
50473
50478
50479
50480
50485
50495
50496
50499
50503
50507
50512
50517
50522
50533
50537
50539
50540
50541
50549
50553
50559
50566
50578
50579
50591
50595
50614
50620
50629
50630
50637
50650
50654
50661
50673
50678
50679
50693
50701
50707
50708
50709
50710
50713
50714
50716
50723
50739
50750
50755
50756
50758
50762
50788
50814
50818
50829
50830
50846
50851
50855
50858
50871
50874
50880
50882
50895
50902
50903
50908
50915
50917
50923
50947
50949
50950
50952
50954
50959
50964
50966
50970
50975
50982
50985
51019
51021
51025
51038
51039
51045
51048
51050
51052
51054
51060
51067
51069
51076
51077
51080
51084
51090
51095
51096
51099
51119
51120
51125
51136
51166
51171
51180
51204
51217
51221
51222
51227
51228
51244
51249
51255
51273
51276
51282
51286
51293
51298
51303
51307
51308
51312
51316
51322
51323
51324
51325
51337
51344
51347
51348
51355
51363
51382
51386
51388
51396
51402
51408
51410
51422
51430
51435
51455
51468
51471
51477
51489
51493
51494
51500
51511
51512
51517
51527
51534
51538
51541
51545
51555
51570
51580
51595
51604
51608
51611
51612
51620
51621
51640
51658
51667
51669
51680
51681
51688
51691
51695
51724
51727
51732
51750
51751
51752
51762
51768
51775
51780
51784
51787
51801
51803
51805
51810
51812
51828
51831
51873
51877
51888
51893
51894
51903
51904
51913
51921
51929
51930
51932
51935
51950
51954
51959
51960
51961
51978
51997
51998
52000
52003
52016
52019
52020
52037
52072
52096
52100
52102
52103
52125
52131
52141
52146
52151
52160
52162
52170
52173
52178
52181
52185
52191
52196
52197
52202
52203
52212
52232
52234
52235
52243
52247
52248
52255
52263
52264
52268
52275
52296
52330
52350
52356
52369
52373
52383
52397
52400
52402
52405
52410
52419
52423
52436
52438
52441
52451
52455
52460
52461
52462
52464
52470
52476
52479
52481
52496
52499
52503
52515
52517
52521
52533
52536
52545
52549
52555
52561
52565
52567
52579
52585
52586
52593
52594
52604
52611
52614
52620
52626
52629
52630
52641
52650
52660
52665
52669
52677
52678
52680
52683
52687
52691
52696
52698
52709
52722
52738
52740
52758
52788
52792
52795
52800
52804
52805
52807
52816
52817
52831
52839
52853
52858
52861
52862
52866
52873
52877
52883
52893
52902
52904
52905
52912
52928
52929
52940
52949
52952
52955
52956
52958
52963
52964
52968
52981
52984
52990
53009
53033
53034
53035
53039
53048
53049
53059
53060
53064
53071
53074
53075
53076
53085
53087
53106
53133
53141
53146
53165
53169
53171
53184
53190
53191
53207
53215
53216
53230
53231
53235
53238
53244
53257
53258
53261
53277
53281
53283
53294
53296
53303
53311
53323
53325
53339
53340
53345
53346
53348
53349
53351
53352
53354
53356
53361
53366
53371
53376
53386
53410
53416
53433
53434
53448
53471
53478
53482
53489
53504
53508
53510
53523
53531
53533
53539
53546
53578
53584
53592
53600
53601
53603
53608
53615
53619
53622
53624
53627
53632
53648
53652
53668
53686
53692
53704
53709
53711
53713
53724
53749
53758
53780
53804
53807
53815
53817
53822
53836
53853
53855
53865
53873
53877
53881
53902
53907
53912
53936
53949
53952
53954
53965
53968
53976
53984
53985
54010
54011
54012
54019
54024
54041
54052
54057
54067
54070
54079
54080
54082
54100
54101
54104
54108
54119
54123
54130
54134
54135
54137
54140
54143
54144
54148
54150
54151
54167
54173
54176
54179
54183
54192
54194
54208
54211
54215
54220
54226
54233
54239
54240
54243
54245
54254
54255
54264
54266
54281
54296
54297
54309
54310
54313
54325
54338
54340
54345
54359
54361
54381
54390
54410
54414
54417
54421
54442
54443
54453
54456
54462
54465
54475
54488
54495
54496
54505
54511
54514
54528
54537
54539
54544
54553
54557
54561
54587
54591
54599
54602
54620
54622
54624
54628
54650
54651
54652
54672
54681
54685
54709
54717
54727
54729
54734
54744
54745
54747
54749
54752
54758
54759
54770
54779
54781
54787
54789
54797
54804
54805
54815
54821
54840
54843
54849
54856
54861
54864
54867
54871
54890
54891
54892
54895
54896
54907
54911
54915
54919
54922
54927
54943
54950
54953
54961
54962
54989
54997
55004
55005
55009
55011
55019
55031
55051
55058
55069
55076
55092
55094
55103
55107
55115
55123
55126
55144
55146
55150
55164
55167
55169
55170
55176
55180
55187
55191
55201
55204
55213
55217
55221
55232
55238
55242
55259
55268
55270
55271
55274
55280
55282
55285
55298
55302
55307
55314
55319
55320
55321
55322
55327
55330
55344
55345
55351
55354
55361
55366
55371
55373
55375
55379
55389
55396
55399
55407
55421
55422
55425
55427
55429
55430
55436
55445
55452
55454
55462
55472
55477
55483
55489
55493
55494
55499
55500
55507
55513
55514
55516
55528
55529
55532
55537
55549
55550
55551
55561
55565
55567
55577
55579
55598
55600
55617
55622
55624
55639
55644
55649
55659
55660
55665
55671
55677
55686
55688
55706
55707
55708
55711
55712
55714
55724
55725
55734
55737
55739
55748
55758
55771
55773
55780
55786
55787
55789
55792
55798
55813
55814
55818
55823
55828
55832
55845
55846
55849
55856
55857
55865
55877
55886
55913
55914
55916
55922
55929
55933
55934
55943
55945
55946
55967
55984
55995
56002
56027
56028
56029
56030
56031
56032
56033
56034
56050
56056
56059
56060
56086
56101
56109
56112
56117
56119
56128
56135
56153
56154
56156
56170
56180
56181
56209
56210
56214
56221
56228
56235
56250
56255
56261
56265
56269
56271
56276
56278
56283
56284
56286
56289
56297
56316
56322
56324
56325
56331
56336
56337
56339
56348
56351
56359
56367
56369
56377
56387
56404
56409
56422
56423
56425
56434
56442
56444
56445
56471
56475
56476
56479
56481
56484
56487
56488
56493
56517
56523
56536
56538
56539
56541
56544
56547
56551
56574
56576
56584
56589
56595
56599
56607
56612
56615
56616
56627
56629
56637
56643
56657
56671
56686
56690
56694
56695
56717
56735
56755
56761
56763
56769
56779
56790
56797
56800
56806
56829
56844
56845
56853
56854
56890
56896
56899
56903
56907
56909
56910
56920
56925
56929
56932
56935
56943
56946
56951
56976
56979
56983
56985
56994
56996
56997
57002
57015
57017
57031
57043
57045
57056
57060
57067
57069
57074
57075
57080
57090
57091
57093
57095
57096
57100
57116
57126
57130
57131
57134
57143
57144
57146
57148
57153
57184
57189
57194
57197
57198
57201
57204
57213
57217
57222
57229
57232
57237
57243
57245
57247
57253
57260
57279
57281
57290
57291
57299
57300
57301
57323
57324
57334
57335
57336
57337
57344
57347
57348
57362
57374
57383
57390
57414
57416
57424
57428
57432
57435
57436
57449
57455
57469
57476
57478
57479
57480
57488
57492
57493
57504
57529
57533
57568
57576
57594
57595
57604
57618
57623
57634
57636
57644
57645
57647
57650
57658
57671
57675
57676
57685
57689
57690
57708
57710
57718
57719
57724
57733
57734
57747
57757
57760
57774
57775
57787
57798
57800
57804
57807
57818
57826
57829
57840
57842
57844
57859
57861
57866
57871
57881
57882
57884
57888
57911
57928
57930
57934
57940
57949
57952
57954
57960
57968
57969
57984
57988
57992
57994
58001
58004
58030
58035
58039
58053
58059
58062
58065
58067
58075
58076
58079
58085
58088
58089
58097
58098
58100
58113
58119
58126
58146
58148
58156
58161
58162
58189
58193
58198
58208
58209
58218
58222
58226
58228
58229
58239
58242
58246
58254
58257
58268
58274
58296
58299
58301
58302
58303
58304
58306
58309
58319
58322
58330
58334
58350
58358
58363
58368
58380
58396
58399
58400
58406
58419
58423
58447
58454
58462
58465
58470
58476
58483
58484
58491
58495
58499
58502
58505
58507
58508
58509
58511
58516
58519
58524
58530
58534
58545
58551
58560
58561
58562
58572
58580
58593
58600
58609
58611
58614
58617
58624
58626
58641
58655
58657
58659
58663
58665
58666
58669
58672
58691
58693
58697
58703
58708
58714
58717
58725
58737
58746
58779
58780
58782
58790
58794
58803
58806
58810
58822
58832
58860
58861
58863
58869
58871
58874
58895
58902
58904
58907
58913
58915
58921
58923
58924
58925
58931
58937
58940
58943
58954
58958
58959
58970
58995
58996
59001
59003
59005
59021
59022
59033
59037
59051
59054
59071
59082
59083
59097
59115
59139
59140
59141
59148
59153
59158
59169
59170
59180
59185
59211
59215
59229
59239
59246
59252
59257
59265
59286
59287
59299
59306
59315
59317
59323
59327
59338
59339
59342
59344
59345
59350
59354
59358
59359
59361
59364
59371
59381
59382
59402
59451
59464
59467
59468
59474
59482
59483
59492
59494
59495
59498
59503
59504
59507
59515
59520
59525
59526
59552
59563
59565
59566
59569
59583
59590
59592
59597
59600
59606
59609
59614
59617
59639
59641
59656
59659
59667
59673
59679
59686
59687
59700
59703
59707
59710
59712
59715
59722
59723
59734
59737
59751
59756
59758
59764
59770
59771
59776
59780
59781
59782
59788
59798
59799
59814
59818
59822
59823
59827
59833
59839
59849
59851
59855
59856
59863
59876
59878
59879
59881
59884
59886
59891
59899
59901
59906
59910
59928
59931
59955
59961
59969
59977
59991
59993
59996
59997
60001
60004
60007
60009
60012
60016
60024
60028
60029
60034
60050
60051
60058
60065
60067
60068
60082
60100
60108
60114
60115
60129
60140
60157
60170
60176
60179
60180
60189
60192
60204
60206
60222
60230
60231
60234
60236
60240
60247
60250
60255
60261
60263
60264
60268
60269
60273
60286
60290
60297
60298
60299
60305
60310
60312
60347
60352
60356
60368
60383
60389
60393
60394
60396
60397
60400
60409
60418
60425
60449
60450
60451
60460
60462
60469
60473
60480
60481
60493
60494
60497
60500
60507
60529
60534
60542
60553
60560
60570
60573
60579
60585
60587
60601
60605
60622
60630
60631
60644
60650
60652
60655
60660
60666
60683
60721
60730
60735
60744
60752
60760
60765
60773
60774
60776
60781
60787
60788
60802
60805
60810
60816
60824
60856
60865
60882
60894
60896
60904
60913
60918
60926
60962
60966
60970
60988
60992
60993
61012
61014
61025
61029
61034
61040
61046
61049
61050
61056
61059
61060
61070
61074
61078
61087
61090
61097
61104
61114
61116
61133
61139
61147
61159
61170
61177
61179
61185
61193
61194
61200
61204
61207
61225
61241
61248
61252
61256
61258
61268
61284
61286
61292
61298
61315
61320
61331
61332
61343
61349
61367
61369
61372
61380
61381
61401
61403
61405
61406
61419
61427
61430
61434
61436
61439
61443
61450
61464
61470
61471
61477
61491
61494
61497
61503
61511
61516
61524
61547
61571
61575
61576
61580
61584
61587
61591
61603
61605
61606
61608
61622
61623
61625
61635
61640
61648
61665
61666
61668
61669
61683
61691
61705
61714
61719
61720
61729
61740
61741
61743
61752
61761
61770
61778
61784
61786
61795
61799
61803
61805
61809
61815
61818
61820
61831
61832
61835
61842
61851
61859
61868
61876
61885
61892
61894
61896
61903
61905
61910
61922
61923
61924
61931
61941
61944
61948
61951
61960
61968
61977
61978
61982
61987
61997
61998
62009
62010
62011
62013
62015
62016
62019
62035
62038
62055
62060
62090
62095
62096
62112
62117
62120
62125
62151
62159
62175
62191
62194
62196
62205
62209
62212
62213
62216
62219
62225
62226
62229
62233
62237
62255
62260
62269
62276
62285
62295
62297
62300
62323
62330
62348
62349
62359
62373
62375
62429
62434
62446
62448
62452
62456
62463
62464
62467
62468
62472
62475
62485
62503
62504
62509
62530
62535
62536
62560
62562
62570
62579
62585
62586
62587
62592
62594
62597
62607
62612
62614
62617
62618
62634
62639
62657
62672
62678
62679
62680
62683
62687
62689
62697
62700
62709
62710
62713
62728
62729
62730
62741
62772
62777
62781
62788
62790
62795
62799
62804
62817
62834
62835
62843
62844
62846
62847
62850
62856
62857
62858
62871
62873
62877
62878
62880
62885
62900
62904
62923
62944
62946
62949
62951
62960
62962
62964
62967
62970
62987
62993
62995
63007
63025
63030
63033
63037
63041
63045
63055
63061
63063
63064
63073
63076
63080
63085
63089
63097
63098
63103
63106
63108
63110
63122
63134
63135
63142
63157
63159
63162
63169
63199
63200
63202
63203
63209
63221
63230
63235
63236
63238
63244
63246
63249
63253
63255
63261
63263
63276
63291
63298
63303
63320
63330
63331
63334
63339
63340
63349
63353
63357
63358
63360
63365
63376
63392
63400
63406
63409
63415
63417
63422
63429
63434
63435
63442
63479
63498
63503
63511
63522
63532
63533
63534
63544
63545
63554
63555
63557
63571
63574
63583
63589
63594
63600
63604
63627
63630
63633
63637
63647
63649
63653
63656
63660
63661
63662
63666
63686
63693
63700
63705
63711
63745
63764
63765
63770
63777
63783
63784
63786
63794
63798
63805
63808
63810
63814
63815
63818
63826
63828
63832
63847
63859
63863
63865
63874
63878
63882
63895
63899
63911
63912
63914
63916
63924
63926
63939
63969
63973
63974
63979
63984
63986
63988
63994
63998
63999
64005
64007
64009
64022
64023
64034
64037
64039
64047
64052
64061
64063
64071
64072
64125
64127
64130
64136
64138
64142
64152
64153
64156
64159
64167
64176
64177
64181
64182
64187
64193
64195
64199
64200
64209
64217
64219
64220
64236
64239
64242
64243
64244
64247
64254
64262
64272
64292
64298
64307
64312
64313
64319
64321
64327
64341
64349
64350
64351
64357
64362
64368
64369
64375
64383
64385
64399
64410
64419
64425
64430
64432
64438
64448
64461
64475
64488
64492
64508
64517
64519
64521
64534
64536
64555
64566
64574
64582
64586
64587
64594
64636
64639
64646
64652
64662
64675
64682
64684
64693
64704
64709
64713
64718
64725
64744
64753
64756
64766
64767
64773
64788
64809
64814
64821
64828
64832
64838
64839
64843
64852
64856
64857
64861
64868
64873
64877
64878
64879
64883
64884
64889
64890
64891
64896
64897
64898
64902
64904
64910
64919
64926
64936
64943
64949
64950
64953
64962
64967
64988
64990
64997
65004
65007
65015
65019
65022
65032
65039
65044
65048
65050
65057
65058
65063
65065
65069
65078
65079
65080
65084
65088
65089
65091
65108
65109
65117
65119
65126
65132
65133
65140
65141
65146
65157
65165
65168
65170
65172
65175
65176
65179
65181
65186
65191
65204
65208
65215
65229
65235
65240
65243
65247
65251
65257
65259
65263
65288
65298
65301
65326
65333
65345
65355
65356
65398
65403
65409
65412
65417
65427
65431
65433
65434
65446
65459
65462
65465
65473
65475
65486
65491
65495
65496
65498
65503
65506
65508
65534
65551
65560
65576
65597
65598
65611
65615
65617
65622
65624
65638
65642
65657
65659
65673
65675
65678
65693
65713
65718
65730
65731
65732
65745
65747
65755
65783
65784
65797
65798
65806
65809
65811
65818
65830
65837
65875
65877
65888
65893
65895
65896
65906
65908
65913
65914
65916
65917
65928
65929
65932
65937
65947
65950
65960
65992
65997
66001
66009
66013
66017
66022
66026
66037
66042
66064
66081
66083
66089
66094
66101
66110
66114
66119
66120
66121
66133
66138
66144
66153
66163
66164
66170
66171
66180
66185
66200
66212
66213
66225
66231
66235
66248
66265
66270
66274
66275
66289
66292
66299
66300
66307
66316
66320
66333
66336
66339
66352
66357
66358
66367
66368
66373
66390
66392
66393
66404
66419
66427
66439
66444
66446
66450
66470
66472
66473
66475
66481
66485
66494
66499
66501
66503
66506
66512
66516
66517
66523
66525
66532
66545
66548
66551
66553
66562
66578
66584
66591
66602
66617
66619
66620
66637
66645
66654
66672
66673
66684
66687
66688
66708
66716
66717
66718
66720
66732
66733
66735
66737
66740
66749
66751
66757
66760
66763
66766
66779
66781
66785
66790
66800
66807
66808
66817
66820
66825
66829
66840
66845
66846
66877
66894
66897
66908
66911
66915
66917
66920
66925
66938
66945
66957
66958
66959
66976
66985
66986
66994
66998
67001
67015
67016
67024
67029
67032
67035
67038
67040
67042
67047
67068
67071
67107
67131
67136
67138
67150
67157
67164
67165
67185
67191
67195
67196
67198
67201
67212
67215
67220
67222
67223
67231
67237
67240
67242
67244
67253
67256
67257
67263
67268
67273
67296
67297
67313
67321
67358
67362
67367
67376
67387
67389
67403
67405
67406
67417
67426
67427
67446
67447
67450
67453
67470
67486
67509
67512
67513
67516
67517
67520
67535
67554
67557
67568
67570
67572
67596
67601
67625
67636
67640
67650
67656
67657
67667
67672
67679
67682
67685
67690
67692
67693
67695
67698
67703
67715
67716
67735
67738
67745
67747
67752
67758
67763
67781
67791
67804
67822
67827
67828
67838
67847
67849
67853
67854
67865
67872
67889
67892
67893
67894
67899
67900
67904
67909
67911
67936
67945
67951
67954
67956
67958
67976
67980
67985
67992
68001
68003
68005
68009
68012
68021
68023
68036
68046
68068
68073
68080
68082
68083
68088
68116
68120
68132
68141
68143
68152
68155
68170
68172
68174
68204
68218
68219
68228
68231
68244
68247
68249
68251
68254
68259
68268
68273
68282
68283
68289
68302
68312
68337
68342
68348
68354
68360
68366
68368
68390
68393
68403
68410
68411
68417
68419
68422
68427
68434
68457
68462
68467
68470
68474
68480
68481
68484
68487
68500
68508
68513
68516
68520
68527
68531
68543
68545
68550
68568
68584
68590
68596
68598
68601
68604
68613
68637
68643
68647
68658
68659
68663
68675
68687
68702
68706
68708
68710
68714
68720
68725
68745
68751
68752
68755
68760
68764
68774
68779
68784
68790
68794
68796
68804
68818
68823
68824
68841
68842
68851
68857
68863
68883
68885
68894
68897
68905
68907
68920
68921
68922
68927
68931
68933
68948
68954
68959
68963
68964
68990
68992
68995
69009
69021
69036
69047
69051
69055
69058
69068
69079
69090
69104
69108
69118
69126
69127
69129
69130
69135
69139
69140
69159
69160
69162
69171
69172
69183
69189
69190
69195
69197
69204
69215
69223
69230
69244
69252
69258
69268
69271
69274
69276
69277
69279
69284
69308
69311
69337
69353
69354
69365
69378
69386
69389
69397
69418
69421
69424
69427
69428
69450
69466
69468
69481
69488
69495
69497
69498
69501
69510
69511
69513
69515
69516
69518
69519
69523
69525
69526
69528
69541
69554
69555
69562
69563
69568
69579
69582
69586
69588
69596
69604
69605
69606
69607
69618
69621
69629
69640
69647
69650
69656
69658
69671
69683
69684
69699
69704
69717
69718
69724
69732
69733
69741
69747
69752
69755
69762
69768
69771
69786
69789
69802
69807
69824
69830
69832
69846
69852
69856
69857
69859
69875
69876
69886
69892
69902
69906
69912
69923
69929
69955
69958
69968
69969
69987
69989
69995
70002
70004
70008
70012
70017
70021
70027
70028
70030
70067
70071
70074
70075
70084
70091
70093
70109
70112
70119
70124
70146
70147
70154
70167
70186
70189
70196
70210
70214
70215
70223
70228
70230
70251
70265
70268
70295
70298
70306
70312
70323
70325
70334
70338
70342
70344
70348
70349
70358
70359
70366
70368
70369
70372
70375
70378
70391
70401
70404
70416
70423
70429
70434
70469
70494
70499
70515
70516
70525
70533
70535
70551
70571
70574
70592
70596
70597
70602
70606
70607
70641
70649
70657
70660
70664
70667
70673
70684
70689
70698
70699
70702
70716
70719
70734
70735
70743
70753
70756
70757
70758
70767
70770
70783
70793
70802
70809
70813
70815
70821
70824
70828
70831
70854
70872
70877
70889
70890
70902
70903
70904
70906
70910
70937
70938
70942
70945
70950
70955
70966
70968
70975
70978
70982
70983
70984
70990
71002
71012
71028
71031
71032
71044
71047
71049
71052
71053
71054
71064
71066
71067
71071
71079
71080
71082
71089
71105
71117
71123
71124
71126
71137
71139
71144
71147
71151
71153
71155
71157
71162
71169
71171
71181
71185
71191
71194
71197
71202
71205
71213
71218
71225
71231
71243
71253
71254
71259
71269
71289
71303
71313
71319
71323
71324
71334
71341
71346
71350
71360
71361
71367
71380
71391
71402
71418
71421
71425
71429
71432
71435
71446
71449
71453
71457
71463
71471
71472
71474
71491
71496
71507
71516
71520
71526
71533
71543
71550
71552
71553
71557
71558
71559
71567
71568
71572
71575
71583
71589
71591
71593
71597
71613
71616
71621
71624
71626
71634
71639
71643
71651
71661
71662
71666
71668
71679
71685
71697
71702
71716
71722
71723
71728
71747
71763
71779
71795
71797
71798
71799
71800
71808
71815
71835
71838
71839
71850
71856
71857
71861
71867
71872
71879
71910
71948
71953
71961
71982
71983
71992
72007
72015
72017
72020
72022
72023
72029
72031
72038
72042
72043
72053
72065
72074
72078
72084
72090
72098
72099
72115
72122
72124
72140
72146
72158
72160
72166
72174
72180
72181
72198
72205
72211
72214
72217
72219
72227
72232
72234
72243
72249
72258
72260
72267
72268
72270
72276
72280
72283
72289
72307
72315
72329
72331
72332
72335
72341
72349
72362
72363
72366
72377
72385
72388
72391
72401
72403
72405
72407
72416
72429
72435
72437
72440
72445
72447
72462
72463
72465
72474
72479
72486
72492
72494
72497
72503
72507
72517
72520
72525
72539
72547
72548
72549
72561
72565
72566
72569
72570
72578
72586
72593
72594
72596
72602
72611
72625
72631
72634
72635
72636
72642
72645
72648
72661
72664
72673
72676
72686
72691
72696
72720
72749
72756
72760
72766
72769
72772
72780
72786
72796
72802
72803
72807
72808
72812
72813
72821
72827
72834
72845
72848
72852
72853
72855
72856
72865
72869
72875
72886
72897
72902
72905
72908
72910
72913
72914
72920
72921
72923
72932
72934
72938
72942
72943
72949
72955
72967
72980
72990
73009
73011
73021
73025
73039
73046
73049
73068
73077
73079
73082
73083
73094
73097
73099
73104
73105
73130
73131
73135
73137
73143
73158
73185
73195
73205
73206
73209
73210
73211
73212
73225
73232
73244
73250
73263
73269
73275
73276
73305
73307
73311
73322
73339
73348
73353
73363
73386
73390
73391
73393
73407
73409
73415
73423
73428
73437
73438
73440
73441
73455
73458
73461
73470
73476
73482
73488
73492
73511
73526
73542
73556
73561
73565
73567
73576
73596
73601
73610
73611
73620
73634
73635
73641
73644
73647
73650
73656
73661
73663
73669
73670
73679
73680
73706
73717
73727
73742
73744
73759
73762
73764
73770
73778
73785
73787
73821
73830
73832
73836
73837
73839
73845
73855
73858
73861
73874
73888
73889
73904
73921
73922
73925
73932
73934
73942
73943
73948
73949
73951
73952
73959
73960
73977
73981
73982
73993
74000
74002
74004
74017
74020
74023
74024
74041
74055
74067
74084
74087
74101
74106
74109
74122
74124
74125
74130
74132
74133
74136
74141
74151
74156
74157
74158
74160
74163
74170
74171
74176
74189
74203
74209
74211
74220
74229
74231
74237
74239
74241
74243
74246
74252
74254
74257
74266
74268
74278
74283
74288
74303
74308
74310
74329
74330
74333
74350
74351
74356
74357
74375
74380
74398
74399
74411
74415
74423
74441
74450
74454
74467
74485
74486
74494
74498
74505
74507
74513
74521
74530
74532
74533
74558
74560
74570
74574
74578
74586
74596
74599
74606
74609
74612
74616
74626
74644
74649
74674
74680
74684
74702
74713
74717
74718
74725
74731
74733
74735
74736
74737
74739
74746
74747
74751
74755
74757
74764
74787
74792
74794
74797
74799
74800
74803
74807
74818
74822
74824
74868
74878
74879
74882
74885
74896
74899
74910
74917
74921
74927
74930
74931
74941
74942
74947
74951
74952
74954
74957
74960
74973
74991
74993
74999
75004
75007
75009
75033
75044
75049
75053
75056
75062
75073
75075
75082
75092
75093
75095
75105
75110
75112
75115
75155
75159
75163
75164
75171
75172
75174
75186
75188
75194
75200
75230
75245
75268
75275
75281
75282
75297
75308
75334
75337
75348
75355
75359
75360
75363
75366
75373
75378
75380
75384
75391
75399
75404
75406
75408
75419
75420
75421
75427
75428
75429
75430
75437
75438
75440
75441
75446
75460
75470
75478
75482
75485
75499
75510
75518
75531
75542
75543
75567
75568
75578
75584
75585
75595
75596
75612
75619
75624
75626
75645
75652
75656
75661
75663
75665
75693
75707
75720
75721
75726
75735
75740
75741
75752
75753
75769
75770
75785
75794
75795
75809
75814
75822
75823
75826
75836
75837
75858
75861
75871
75875
75879
75884
75896
75914
75932
75934
75937
75942
75944
75949
75955
75968
75982
75987
75990
75991
75996
75997
75998
76002
76012
76026
76027
76032
76035
76039
76061
76072
76081
76091
76093
76096
76098
76104
76111
76137
76139
76141
76143
76147
76148
76156
76158
76165
76170
76173
76174
76181
76183
76185
76189
76190
76191
76193
76198
76206
76209
76216
76218
76226
76227
76261
76264
76265
76267
76271
76274
76279
76280
76283
76286
76288
76291
76293
76297
76298
76299
76305
76320
76321
76323
76326
76330
76336
76345
76364
76370
76371
76372
76374
76375
76377
76394
76396
76399
76411
76417
76429
76430
76433
76434
76436
76452
76453
76463
76468
76500
76507
76517
76520
76523
76537
76538
76541
76545
76555
76556
76559
76588
76589
76595
76602
76610
76612
76625
76630
76631
76636
76638
76647
76655
76656
76658
76663
76669
76675
76697
76698
76700
76701
76705
76707
76708
76709
76722
76744
76746
76753
76754
76758
76760
76780
76787
76798
76811
76825
76833
76835
76836
76842
76846
76851
76886
76890
76897
76912
76931
76942
76943
76944
76950
76953
76959
76964
76968
76972
76977
76978
76997
76998
77002
77010
77014
77025
77027
77029
77036
77037
77051
77056
77077
77081
77089
77094
77100
77119
77127
77140
77146
77147
77151
77152
77153
77154
77158
77168
77175
77183
77191
77194
77197
77199
77200
77208
77215
77232
77233
77243
77249
77250
77259
77266
77268
77294
77303
77305
77309
77312
77316
77318
77328
77343
77355
77357
77359
77361
77365
77376
77395
77405
77412
77423
77424
77430
77433
77436
77439
77446
77447
77455
77456
77457
77462
77470
77472
77475
77479
77481
77499
77501
77511
77519
77526
77533
77535
77560
77562
77568
77573
77592
77606
77608
77609
77636
77637
77643
77657
77661
77667
77669
77683
77692
77693
77696
77706
77718
77725
77727
77730
77741
77745
77752
77755
77773
77781
77792
77796
77797
77803
77813
77814
77817
77818
77819
77828
77842
77861
77864
77868
77874
77879
77891
77918
77923
77924
77930
77932
77934
77935
77938
77939
77944
77946
77951
77958
77962
77965
77968
77979
77980
77993
77994
78005
78006
78011
78026
78027
78029
78030
78035
78071
78082
78085
78100
78102
78105
78120
78137
78142
78151
78157
78176
78178
78179
78182
78195
78200
78214
78222
78229
78230
78231
78238
78257
78261
78286
78298
78300
78317
78319
78322
78323
78325
78329
78330
78331
78332
78337
78344
78347
78351
78352
78354
78363
78364
78385
78394
78407
78413
78419
78420
78423
78438
78442
78454
78455
78463
78468
78469
78470
78473
78477
78478
78483
78486
78489
78516
78520
78523
78530
78536
78537
78538
78539
78543
78547
78553
78556
78558
78570
78593
78598
78609
78614
78616
78618
78627
78630
78632
78633
78640
78644
78645
78651
78656
78657
78660
78671
78673
78683
78688
78689
78694
78695
78697
78709
78715
78724
78733
78742
78745
78747
78759
78762
78766
78791
78792
78809
78821
78822
78826
78845
78850
78866
78867
78870
78871
78880
78883
78899
78916
78917
78919
78929
78934
78938
78940
78944
78951
78956
78960
78961
78972
78984
78986
78993
78996
78998
79012
79027
79038
79041
79044
79046
79063
79074
79088
79097
79099
79114
79118
79121
79122
79125
79129
79135
79138
79143
79153
79156
79163
79174
79177
79187
79190
79206
79207
79213
79221
79222
79224
79244
79246
79253
79262
79263
79264
79270
79272
79276
79282
79290
79291
79298
79299
79302
79303
79314
79318
79327
79369
79370
79395
79405
79418
79421
79434
79435
79444
79461
79466
79472
79476
79491
79503
79511
79535
79552
79560
79561
79568
79569
79571
79574
79588
79593
79599
79619
79622
79624
79632
79638
79649
79665
79669
79675
79677
79683
79689
79695
79705
79716
79732
79736
79744
79745
79747
79752
79754
79764
79781
79792
79797
79808
79812
79820
79822
79826
79832
79835
79840
79845
79855
79862
79876
79880
79881
79882
79888
79894
79902
79905
79911
79919
79921
79922
79926
79950
79957
79960
79967
79968
79975
79980
79982
79985
79989
79990
79992
79996
80004
80007
80015
80017
80024
80029
80039
80043
80046
80054
80056
80064
80069
80075
80079
80083
80088
80090
80111
80117
80129
80133
80141
80142
80151
80158
80163
80165
80167
80170
80172
80173
80174
80194
80212
80223
80238
80246
80256
80263
80265
80269
80272
80275
80281
80282
80285
80299
80309
80311
80312
80323
80334
80338
80342
80343
80347
80359
80360
80362
80377
80384
80392
80401
80406
80412
80436
80443
80444
80455
80472
80477
80483
80499
80514
80526
80532
80534
80539
80540
80544
80545
80550
80564
80587
80589
80597
80618
80625
80627
80628
80630
80644
80652
80659
80661
80675
80677
80694
80706
80731
80735
80737
80758
80772
80784
80789
80800
80804
80810
80815
80826
80827
80831
80834
80837
80839
80845
80853
80865
80867
80869
80870
80881
80890
80892
80893
80900
80902
80906
80908
80914
80924
80925
80939
80941
80948
80961
80965
80974
80983
80992
80996
80999
81002
81004
81018
81021
81023
81025
81032
81041
81054
81055
81074
81078
81081
81094
81096
81097
81104
81107
81108
81112
81119
81136
81142
81164
81165
81171
81181
81182
81204
81205
81218
81222
81226
81228
81237
81256
81265
81266
81279
81288
81290
81293
81295
81299
81308
81310
81315
81316
81327
81330
81335
81338
81346
81347
81354
81356
81363
81369
81374
81379
81387
81392
81396
81403
81411
81415
81418
81425
81433
81434
81440
81452
81458
81469
81479
81481
81483
81493
81496
81497
81498
81507
81512
81518
81522
81528
81536
81539
81542
81547
81548
81549
81550
81555
81570
81579
81587
81612
81635
81638
81653
81655
81656
81664
81669
81674
81675
81678
81683
81691
81696
81704
81712
81734
81741
81759
81760
81761
81774
81775
81778
81780
81789
81791
81793
81794
81832
81835
81844
81874
81886
81887
81888
81891
81915
81916
81920
81939
81942
81948
81969
81971
81976
81984
82016
82019
82031
82033
82055
82057
82059
82070
82077
82082
82090
82095
82116
82118
82132
82133
82136
82140
82150
82155
82163
82180
82182
82194
82195
82199
82206
82207
82209
82212
82214
82221
82222
82226
82227
82237
82239
82243
82250
82253
82262
82267
82279
82290
82291
82308
82316
82317
82319
82321
82324
82325
82330
82345
82347
82358
82374
82378
82405
82410
82413
82416
82427
82439
82453
82454
82462
82464
82469
82473
82476
82479
82483
82494
82495
82499
82510
82516
82517
82530
82541
82542
82558
82562
82564
82570
82581
82583
82590
82593
82595
82600
82601
82603
82617
82618
82619
82624
82625
82628
82637
82638
82641
82642
82643
82649
82654
82655
82658
82659
82664
82666
82680
82685
82686
82690
82699
82712
82741
82746
82747
82751
82765
82768
82788
82806
82808
82810
82816
82820
82821
82825
82832
82842
82843
82844
82865
82873
82883
82885
82895
82908
82916
82930
82940
82941
82959
82964
82974
82988
82989
82999
83000
83001
83017
83021
83023
83024
83026
83067
83071
83077
83082
83083
83110
83118
83124
83125
83127
83129
83130
83138
83149
83158
83162
83164
83166
83170
83175
83177
83181
83183
83186
83188
83190
83204
83213
83223
83226
83227
83231
83240
83241
83243
83244
83245
83246
83248
83251
83263
83264
83265
83269
83274
83286
83297
83304
83308
83310
83314
83318
83327
83329
83330
83370
83377
83379
83383
83394
83397
83399
83412
83423
83428
83433
83435
83437
83446
83460
83472
83476
83493
83495
83502
83503
83506
83511
83518
83538
83547
83567
83585
83594
83597
83626
83627
83634
83653
83668
83676
83678
83683
83689
83702
83708
83712
83715
83720
83723
83747
83750
83755
83757
83761
83765
83772
83783
83793
83797
83798
83803
83804
83805
83818
83830
83862
83875
83878
83885
83897
83902
83909
83920
83921
83932
83937
83938
83940
83945
83949
83954
83957
83962
83968
83972
83975
83983
83990
83991
83992
83999
84010
84011
84012
84015
84019
84022
84032
84036
84063
84071
84075
84086
84092
84117
84118
84123
84139
84143
84150
84153
84156
84157
84158
84160
84173
84176
84196
84215
84218
84220
84223
84227
84229
84231
84238
84250
84252
84253
84263
84264
84285
84289
84290
84298
84302
84305
84308
84315
84323
84325
84328
84330
84341
84342
84349
84353
84356
84368
84370
84371
84382
84415
84419
84421
84424
84432
84434
84439
84446
84448
84460
84461
84462
84470
84479
84485
84490
84492
84501
84502
84515
84520
84521
84538
84542
84543
84549
84561
84562
84565
84568
84575
84576
84578
84591
84592
84594
84596
84610
84617
84618
84630
84632
84640
84642
84644
84645
84648
84682
84686
84701
84713
84717
84722
84730
84734
84738
84739
84751
84769
84778
84802
84810
84814
84815
84832
84845
84856
84857
84860
84861
84864
84866
84868
84874
84875
84879
84880
84881
84890
84901
84904
84905
84909
84911
84912
84920
84926
84931
84934
84935
84944
84946
84948
84954
84964
84969
84977
84979
84984
84997
85021
85049
85052
85054
85057
85066
85072
85074
85086
85099
85117
85127
85145
85150
85153
85176
85180
85196
85203
85208
85209
85215
85217
85232
85234
85237
85245
85250
85253
85265
85266
85267
85278
85286
85298
85300
85307
85309
85320
85327
85332
85340
85345
85347
85357
85362
85364
85369
85370
85382
85388
85389
85391
85393
85404
85408
85422
85426
85427
85432
85435
85460
85472
85481
85482
85483
85487
85493
85494
85506
85508
85535
85536
85537
85541
85543
85545
85551
85555
85556
85560
85585
85587
85604
85627
85629
85631
85648
85668
85672
85674
85676
85690
85693
85697
85701
85702
85704
85706
85712
85714
85718
85734
85738
85740
85741
85742
85747
85751
85753
85756
85763
85781
85782
85795
85811
85826
85827
85833
85840
85846
85849
85852
85857
85861
85866
85887
85888
85892
85896
85901
85920
85921
85925
85928
85936
85941
85950
85951
85974
85975
85981
85984
85997
85998
86017
86023
86025
86040
86050
86052
86053
86055
86060
86073
86076
86079
86082
86084
86085
86087
86090
86091
86109
86110
86118
86122
86127
86133
86145
86148
86165
86168
86169
86173
86176
86178
86184
86189
86193
86216
86226
86245
86258
86259
86269
86271
86277
86287
86290
86294
86295
86299
86312
86313
86315
86316
86319
86322
86326
86327
86338
86344
86345
86352
86354
86365
86366
86367
86386
86395
86409
86416
86425
86426
86428
86430
86431
86436
86442
86447
86450
86452
86454
86466
86476
86482
86483
86488
86493
86497
86510
86525
86530
86534
86538
86539
86540
86549
86552
86554
86557
86560
86578
86585
86587
86613
86621
86625
86634
86636
86651
86659
86660
86665
86674
86677
86696
86700
86716
86723
86733
86735
86759
86810
86815
86820
86837
86843
86851
86854
86863
86881
86888
86892
86894
86897
86914
86915
86920
86937
86946
86948
86968
86969
86972
86978
86981
86982
86988
86991
86996
86998
87002
87004
87015
87016
87024
87031
87045
87048
87049
87053
87065
87070
87081
87089
87092
87098
87100
87111
87118
87133
87148
87163
87164
87169
87171
87172
87180
87183
87191
87192
87195
87218
87225
87227
87235
87236
87244
87245
87250
87254
87270
87287
87293
87296
87305
87307
87310
87314
87315
87333
87335
87337
87339
87340
87355
87358
87361
87370
87381
87384
87386
87396
87399
87419
87427
87447
87451
87453
87455
87468
87472
87477
87478
87480
87486
87487
87488
87501
87512
87518
87525
87537
87575
87576
87584
87590
87592
87594
87596
87598
87612
87623
87631
87633
87639
87642
87649
87662
87663
87666
87669
87675
87691
87692
87710
87726
87747
87778
87785
87795
87802
87820
87822
87825
87833
87839
87850
87857
87862
87873
87877
87886
87894
87897
87914
87920
87930
87945
87958
87966
87967
87980
87992
87994
87998
88007
88010
88025
88031
88041
88049
88059
88060
88062
88068
88071
88072
88074
88090
88093
88095
88096
88098
88101
88103
88104
88106
88107
88110
88111
88116
88125
88126
88128
88137
88139
88162
88173
88177
88209
88217
88219
88222
88233
88234
88248
88251
88256
88257
88262
88269
88275
88284
88297
88302
88313
88318
88322
88338
88344
88346
88351
88354
88373
88374
88382
88385
88389
88410
88424
88426
88432
88433
88435
88448
88451
88463
88465
88481
88483
88486
88495
88503
88506
88510
88513
88515
88520
88523
88528
88530
88532
88537
88545
88551
88561
88570
88572
88588
88591
88597
88629
88630
88643
88644
88646
88661
88669
88670
88683
88694
88698
88703
88720
88722
88741
88749
88750
88758
88766
88772
88785
88794
88795
88803
88804
88806
88809
88826
88838
88847
88852
88853
88856
88857
88867
88875
88877
88878
88881
88888
88906
88910
88911
88914
88923
88933
88939
88941
88942
88948
88957
88958
88965
88968
88971
88987
88990
88992
88995
89001
89012
89017
89024
89029
89035
89041
89043
89044
89046
89061
89062
89063
89074
89080
89081
89090
89104
89110
89119
89133
89136
89148
89151
89166
89179
89184
89185
89191
89197
89199
89203
89207
89214
89220
89221
89227
89242
89246
89249
89269
89285
89291
89313
89319
89327
89328
89349
89351
89353
89354
89356
89360
89364
89369
89376
89378
89390
89391
89399
89413
89432
89434
89436
89456
89472
89480
89497
89505
89516
89528
89531
89534
89535
89546
89555
89563
89567
89573
89577
89579
89580
89587
89588
89593
89599
89612
89614
89620
89627
89639
89641
89642
89655
89670
89678
89679
89685
89687
89692
89693
89701
89706
89717
89720
89728
89729
89734
89736
89751
89754
89757
89758
89764
89765
89773
89776
89777
89780
89796
89808
89813
89819
89822
89823
89825
89830
89838
89856
89860
89865
89866
89876
89879
89880
89883
89887
89900
89913
89916
89925
89939
89940
89941
89964
89971
89983
89989
89991
89994
90004
90006
90007
90014
90020
90023
90024
90025
90027
90031
90035
90044
90059
90067
90077
90081
90087
90090
90092
90107
90114
90125
90127
90130
90133
90138
90146
90149
90156
90164
90166
90169
90172
90190
90198
90201
90221
90224
90230
90247
90248
90252
90253
90258
90263
90265
90275
90278
90283
90293
90298
90313
90314
90318
90324
90331
90336
90337
90339
90349
90356
90368
90369
90377
90382
90384
90393
90401
90408
90411
90414
90416
90421
90422
90425
90438
90442
90443
90472
90480
90487
90499
90501
90503
90505
90508
90517
90526
90537
90554
90558
90563
90564
90565
90579
90593
90609
90612
90623
90624
90640
90641
90642
90652
90657
90659
90660
90662
90670
90673
90678
90693
90697
90698
90701
90723
90724
90731
90741
90742
90746
90751
90761
90765
90767
90769
90770
90773
90777
90779
90783
90784
90787
90838
90842
90843
90850
90853
90856
90858
90880
90885
90894
90903
90904
90907
90909
90912
90917
90929
90941
90942
90944
90951
90955
90961
90962
90968
90971
90980
90988
90999
91001
91006
91011
91016
91017
91018
91030
91033
91037
91039
91043
91046
91048
91050
91057
91058
91061
91063
91066
91076
91079
91096
91098
91100
91113
91116
91118
91133
91134
91143
91144
91151
91154
91163
91170
91171
91188
91192
91196
91200
91209
91211
91212
91214
91219
91221
91236
91239
91240
91245
91260
91270
91273
91289
91291
91295
91300
91313
91320
91327
91328
91331
91346
91348
91353
91356
91360
91365
91367
91368
91378
91379
91385
91387
91404
91415
91420
91421
91428
91440
91446
91460
91463
91470
91472
91474
91479
91486
91494
91503
91518
91520
91524
91526
91533
91538
91540
91562
91577
91589
91590
91591
91602
91605
91614
91617
91621
91638
91649
91652
91656
91657
91659
91663
91664
91665
91690
91691
91700
91704
91712
91714
91718
91719
91733
91740
91743
91745
91750
91752
91755
91758
91761
91766
91768
91776
91797
91798
91804
91809
91819
91821
91824
91826
91828
91847
91848
91856
91862
91870
91883
91886
91888
91894
91916
91946
91968
91975
91985
91997
91998
92034
92042
92051
92052
92058
92064
92066
92081
92087
92090
92093
92095
92103
92105
92110
92115
92128
92145
92149
92158
92164
92166
92171
92174
92175
92194
92199
92203
92214
92222
92224
92237
92239
92242
92247
92251
92257
92262
92264
92270
92273
92275
92281
92295
92305
92309
92322
92325
92335
92340
92346
92347
92348
92351
92355
92364
92367
92374
92381
92384
92385
92395
92397
92407
92420
92422
92423
92426
92427
92432
92433
92442
92452
92470
92474
92500
92501
92502
92505
92511
92514
92516
92521
92528
92534
92542
92548
92551
92560
92563
92567
92587
92591
92592
92593
92599
92600
92603
92606
92609
92611
92626
92629
92634
92643
92648
92652
92653
92661
92667
92681
92701
92705
92708
92719
92720
92734
92738
92743
92747
92770
92775
92779
92783
92786
92790
92806
92814
92816
92820
92826
92832
92848
92855
92866
92869
92872
92881
92894
92900
92903
92906
92912
92931
92932
92940
92943
92947
92950
92954
92959
92963
92968
92973
92975
92976
92980
92983
92986
92996
92999
93000
93002
93005
93008
93011
93024
93028
93045
93063
93066
93067
93090
93101
93105
93110
93120
93123
93132
93137
93139
93144
93161
93164
93168
93171
93172
93181
93182
93204
93206
93209
93213
93218
93219
93231
93242
93247
93250
93256
93266
93267
93277
93279
93303
93305
93336
93344
93345
93355
93357
93361
93368
93369
93370
93372
93379
93382
93387
93388
93395
93396
93402
93409
93412
93413
93435
93447
93449
93457
93465
93468
93473
93483
93488
93489
93498
93515
93523
93528
93529
93531
93535
93539
93544
93556
93560
93567
93568
93572
93583
93597
93600
93601
93603
93609
93614
93625
93630
93633
93640
93643
93648
93660
93664
93684
93685
93700
93702
93721
93722
93728
93730
93735
93741
93742
93752
93759
93762
93765
93776
93783
93789
93795
93804
93807
93810
93815
93828
93829
93830
93836
93840
93847
93856
93861
93862
93875
93901
93922
93927
93931
93936
93942
93945
93961
93963
93966
93967
93968
93978
93979
93984
93985
93986
93989
93990
93993
93996
94010
94013
94018
94022
94025
94026
94040
94043
94049
94051
94053
94055
94056
94103
94104
94106
94107
94111
94115
94116
94124
94125
94134
94135
94140
94156
94161
94164
94171
94173
94174
94177
94193
94200
94202
94205
94210
94215
94220
94225
94228
94234
94235
94247
94254
94264
94280
94284
94296
94298
94303
94305
94308
94314
94322
94325
94344
94347
94354
94356
94358
94359
94364
94366
94377
94395
94399
94407
94410
94417
94418
94431
94433
94452
94460
94490
94497
94498
94499
94502
94507
94528
94531
94539
94545
94548
94553
94558
94561
94569
94570
94576
94586
94587
94590
94599
94605
94615
94623
94626
94640
94644
94649
94653
94655
94657
94659
94677
94682
94686
94688
94696
94699
94702
94709
94710
94714
94716
94729
94743
94750
94752
94765
94782
94788
94798
94799
94807
94821
94824
94839
94844
94859
94864
94871
94873
94881
94887
94905
94910
94914
94921
94923
94929
94934
94935
94940
94948
94951
94954
94964
94968
94971
94987
94988
95001
95006
95011
95036
95038
95045
95058
95061
95065
95092
95096
95101
95116
95121
95124
95125
95145
95146
95172
95174
95177
95197
95198
95199
95201
95211
95224
95225
95234
95242
95243
95245
95246
95250
95258
95266
95273
95276
95278
95290
95297
95298
95303
95305
95307
95326
95329
95345
95346
95351
95357
95358
95367
95378
95385
95394
95402
95411
95412
95427
95430
95441
95449
95452
95453
95457
95476
95483
95495
95497
95498
95499
95505
95510
95514
95522
95523
95528
95531
95534
95537
95544
95564
95567
95575
95581
95583
95594
95599
95608
95610
95622
95623
95624
95630
95641
95657
95673
95674
95675
95677
95678
95679
95690
95699
95703
95717
95724
95725
95729
95734
95743
95754
95768
95769
95775
95776
95790
95792
95793
95809
95812
95824
95827
95828
95832
95835
95836
95854
95856
95861
95865
95866
95871
95885
95886
95893
95911
95918
95922
95925
95934
95937
95940
95945
95951
95954
95960
95966
95976
95978
95981
95983
95984
95992
96015
96044
96045
96047
96059
96064
96067
96070
96072
96083
96085
96091
96095
96108
96125
96128
96142
96155
96158
96168
96183
96189
96190
96191
96197
96201
96204
96206
96208
96213
96214
96215
96225
96230
96236
96239
96242
96253
96258
96262
96264
96268
96275
96281
96294
96308
96310
96328
96341
96346
96356
96361
96364
96377
96381
96390
96412
96414
96427
96439
96441
96457
96481
96482
96485
96486
96487
96489
96497
96499
96506
96512
96513
96515
96518
96519
96520
96531
96533
96537
96542
96550
96551
96552
96569
96592
96598
96608
96609
96620
96622
96627
96629
96635
96639
96644
96651
96652
96659
96660
96661
96665
96681
96685
96698
96703
96707
96711
96716
96717
96723
96730
96743
96749
96751
96754
96755
96758
96781
96786
96787
96788
96796
96800
96803
96813
96815
96817
96821
96838
96843
96852
96859
96865
96868
96870
96873
96875
96876
96882
96886
96887
96890
96900
96909
96924
96928
96932
96939
96940
96943
96949
96952
96955
96966
96971
96977
96982
96995
97006
97012
97028
97035
97044
97045
97046
97052
97061
97065
97067
97069
97071
97073
97081
97093
97095
97096
97103
97104
97111
97121
97130
97132
97134
97148
97156
97164
97169
97183
97193
97199
97200
97203
97215
97221
97223
97225
97226
97227
97232
97244
97247
97252
97256
97259
97275
97276
97280
97284
97288
97298
97299
97303
97313
97317
97326
97337
97353
97361
97367
97374
97386
97393
97413
97416
97421
97422
97426
97429
97432
97438
97441
97443
97453
97456
97458
97461
97466
97468
97477
97485
97486
97493
97499
97505
97524
97525
97527
97543
97552
97559
97561
97563
97569
97578
97592
97609
97613
97621
97629
97648
97649
97657
97658
97678
97680
97703
97705
97712
97718
97722
97728
97730
97733
97739
97751
97756
97778
97780
97786
97789
97818
97821
97824
97830
97831
97853
97855
97865
97882
97897
97901
97907
97925
97929
97930
97931
97932
97935
97939
97940
97954
97960
97962
97969
97970
97980
97992
98004
98010
98016
98021
98022
98025
98026
98040
98048
98061
98069
98074
98075
98083
98084
98087
98093
98104
98106
98112
98113
98127
98156
98158
98168
98175
98176
98179
98201
98205
98206
98216
98224
98231
98233
98244
98247
98251
98270
98288
98289
98294
98298
98315
98316
98332
98336
98341
98356
98360
98362
98363
98365
98369
98372
98373
98375
98376
98382
98389
98390
98391
98403
98436
98438
98452
98458
98463
98468
98480
98484
98494
98497
98506
98519
98521
98525
98527
98532
98535
98544
98546
98552
98559
98563
98568
98584
98594
98596
98600
98603
98609
98622
98629
98633
98639
98654
98657
98673
98679
98686
98705
98709
98715
98718
98719
98722
98736
98738
98747
98751
98755
98759
98778
98785
98789
98790
98797
98798
98817
98829
98832
98833
98834
98840
98842
98857
98861
98863
98874
98875
98881
98893
98894
98896
98897
98898
98900
98904
98908
98909
98917
98936
98941
98947
98951
98956
98961
98965
98972
98983
98990
98991
98998
98999
99006
99009
99020
99036
99046
99055
99059
99060
99061
99063
99071
99072
99074
99078
99081
99082
99088
99092
99094
99106
99136
99141
99156
99163
99169
99182
99188
99198
99209
99210
99211
99215
99225
99232
99250
99257
99262
99267
99273
99276
99277
99283
99286
99290
99305
99306
99320
99326
99336
99342
99343
99344
99347
99348
99355
99359
99366
99375
99377
99388
99394
99397
99399
99400
99409
99431
99445
99454
99468
99479
99480
99482
99492
99496
99502
99517
99522
99524
99532
99553
99554
99563
99564
99570
99572
99593
99602
99607
99612
99615
99617
99633
99636
99638
99642
99650
99656
99662
99666
99667
99669
99671
99675
99696
99728
99730
99734
99745
99765
99770
99772
99774
99785
99786
99787
99790
99806
99807
99818
99820
99822
99829
99831
99832
99837
99847
99858
99871
99879
99887
99889
99892
99926
99935
99938
99944
99962
99965
99968
99970
99975
99987
99990
